[ 0.00000000e+00  0.00000000e+00  0.00000000e+00  0.00000000e+00
  0.00000000e+00  0.00000000e+00  0.00000000e+00  0.00000000e+00
  0.00000000e+00  0.00000000e+00  0.00000000e+00  0.00000000e+00
  6.01990265e-05  2.24551924e-04  1.03198331e-04  4.29993046e-06
  0.00000000e+00  0.00000000e+00  0.00000000e+00  0.00000000e+00
  0.00000000e+00  0.00000000e+00  0.00000000e+00  0.00000000e+00
  0.00000000e+00  0.00000000e+00  0.00000000e+00  0.00000000e+00
  0.00000000e+00  0.00000000e+00  0.00000000e+00  0.00000000e+00
  7.64432082e-06  2.62773528e-05  2.66117919e-04  6.96110965e-04
  1.25319084e-03  1.83750362e-03  3.44376653e-03  4.60761438e-03
  4.99317481e-03  5.08633997e-03  5.42699001e-03  4.99221927e-03
  5.35866890e-03  4.40456210e-03  2.86996470e-03  2.04198920e-03
  1.54271950e-03  6.12501206e-04  2.89050881e-04  1.01287251e-04
  0.00000000e+00  0.00000000e+00  0.00000000e+00  0.00000000e+00
  0.00000000e+00  0.00000000e+00  3.05772833e-05  2.00663422e-05
  1.99230111e-04  1.57186347e-04  1.35017817e-03  3.96740251e-03
  7.57313308e-03  1.45227763e-02  2.48478648e-02  3.69817908e-02
  5.36158329e-02  7.25240605e-02  9.17781936e-02  1.03930753e-01
  1.06695130e-01  9.71922838e-02  8.01411484e-02  5.85941969e-02
  3.44601205e-02  1.81586063e-02  8.48997381e-03  2.69414532e-03
  1.00952812e-03  2.47484887e-04  0.00000000e+00  0.00000000e+00
  0.00000000e+00  0.00000000e+00  9.26873900e-05  1.67697288e-04
  3.44472207e-04  1.99994544e-03  6.07962390e-03  1.56546135e-02
  3.30182105e-02  6.33351091e-02  1.03897786e-01  1.55141491e-01
  2.11031509e-01  2.75643698e-01  3.37532597e-01  3.75060957e-01
  3.71394072e-01  3.33699926e-01  2.69469953e-01  1.94311469e-01
  1.18454962e-01  6.33179094e-02  2.93541920e-02  1.11272645e-02
  4.41316196e-03  7.55832221e-04  8.02653686e-05  0.00000000e+00
  0.00000000e+00  1.81552620e-05  1.18964743e-04  4.11360014e-04
  2.31861806e-03  1.17201771e-02  2.97211194e-02  6.79909782e-02
  1.32632311e-01  2.30483439e-01  3.59687272e-01  5.15602751e-01
  6.99710962e-01  8.90143894e-01  1.03669412e+00  1.10568030e+00
  1.07646179e+00  9.52085348e-01  7.65924158e-01  5.63682662e-01
  3.63248092e-01  2.12567540e-01  1.13622318e-01  5.38938951e-02
  2.13897652e-02  4.45998343e-03  3.40650047e-04  1.91108021e-06
  0.00000000e+00  0.00000000e+00  2.95739662e-04  1.81600397e-03
  1.12897063e-02  4.13662866e-02  9.96709548e-02  1.95773445e-01
  3.42348519e-01  5.38841964e-01  7.66244742e-01  1.01145353e+00
  1.27455529e+00  1.53290467e+00  1.71453994e+00  1.78382854e+00
  1.72437914e+00  1.54132393e+00  1.27305222e+00  9.73424947e-01
  6.84189647e-01  4.35532312e-01  2.57091409e-01  1.42287088e-01
  6.56155056e-02  1.66082425e-02  2.41656092e-03  8.98207697e-05
  0.00000000e+00  5.25547057e-06  7.88320585e-04  6.34765290e-03
  3.13765926e-02  9.06320232e-02  1.96898594e-01  3.61194159e-01
  5.76218870e-01  8.32286418e-01  1.09334141e+00  1.32760305e+00
  1.53705410e+00  1.71659722e+00  1.84139314e+00  1.89173195e+00
  1.85750021e+00  1.74039112e+00  1.54315666e+00  1.25170020e+00
  9.34361990e-01  6.30695167e-01  3.85827983e-01  2.15585136e-01
  1.05407540e-01  3.54022830e-02  6.98499815e-03  5.58990960e-04
  2.24551924e-05  5.65679741e-04  3.08639453e-03  1.69422038e-02
  6.29624485e-02  1.55834258e-01  3.07854477e-01  5.15879857e-01
  7.64459315e-01  1.03430002e+00  1.26364780e+00  1.43318546e+00
  1.55331214e+00  1.67353915e+00  1.78550456e+00  1.85369524e+00
  1.88373790e+00  1.86479480e+00  1.73022513e+00  1.48637321e+00
  1.14040749e+00  7.86481648e-01  4.81954839e-01  2.57380938e-01
  1.21608722e-01  4.89953188e-02  9.32989356e-03  4.57225939e-04
  1.16575893e-04  1.45672089e-03  9.44073622e-03  3.63282014e-02
  9.80412812e-02  2.09431458e-01  3.80543368e-01  6.10871054e-01
  8.67569737e-01  1.11542012e+00  1.29811700e+00  1.43355334e+00
  1.54627841e+00  1.69768087e+00  1.86104860e+00  1.96134305e+00
  1.98985732e+00  1.96422066e+00  1.83012303e+00  1.56995526e+00
  1.22230683e+00  8.44997490e-01  5.05355061e-01  2.50839788e-01
  1.05931176e-01  4.21025302e-02  7.31991496e-03  8.55208392e-05
  1.39508855e-04  2.27800761e-03  1.46469965e-02  4.68209873e-02
  1.10927217e-01  2.23320233e-01  3.96617464e-01  6.28608268e-01
  8.71895944e-01  1.08944376e+00  1.26226370e+00  1.41182579e+00
  1.55059936e+00  1.72160568e+00  1.87390110e+00  1.97520507e+00
  1.95904497e+00  1.87770892e+00  1.71515626e+00  1.46045753e+00
  1.13640617e+00  7.99058945e-01  4.85285852e-01  2.23650372e-01
  7.45741718e-02  2.36113959e-02  3.77916111e-03  1.52408646e-04
  1.91108021e-04  2.82553208e-03  1.49866910e-02  4.49318845e-02
  9.76452098e-02  1.97172834e-01  3.65009153e-01  5.85146959e-01
  8.22205470e-01  1.04599535e+00  1.22803434e+00  1.37400695e+00
  1.47568645e+00  1.59039951e+00  1.73172437e+00  1.81247946e+00
  1.74377039e+00  1.62205226e+00  1.44085080e+00  1.22188353e+00
  9.81766812e-01  7.20881909e-01  4.57957405e-01  2.16880848e-01
  5.93705732e-02  8.59412768e-03  1.77826013e-03 -1.28042374e-04
  1.70086138e-04  2.19009792e-03  1.18711525e-02  3.26517609e-02
  7.27533901e-02  1.62289887e-01  3.33486363e-01  5.67030397e-01
  8.30277873e-01  1.09101562e+00  1.28734615e+00  1.37295107e+00
  1.35562665e+00  1.42504569e+00  1.59857750e+00  1.65622858e+00
  1.54309980e+00  1.39260080e+00  1.23460463e+00  1.07116523e+00
  8.91843322e-01  6.94276806e-01  4.73047772e-01  2.51877982e-01
  6.95198424e-02  3.27368039e-03  1.14664812e-04  1.02242791e-04
  1.08931572e-04  1.25223530e-03  6.52729444e-03  1.85159783e-02
  4.93412243e-02  1.53411486e-01  3.58571679e-01  6.42272013e-01
  9.59184533e-01  1.25238150e+00  1.43150753e+00  1.40262107e+00
  1.25202939e+00  1.34293660e+00  1.57756995e+00  1.61930842e+00
  1.50538463e+00  1.39097113e+00  1.27768086e+00  1.12876280e+00
  9.43792693e-01  7.44585037e-01  5.27997061e-01  3.02965456e-01
  1.00690516e-01  6.30608691e-03  4.60092560e-04  1.04153871e-04
  1.52886416e-05  5.23158206e-04  3.22351454e-03  1.03150554e-02
  4.35688065e-02  1.83313680e-01  4.41695546e-01  7.78896571e-01
  1.12966244e+00  1.42221681e+00  1.52598273e+00  1.35983868e+00
  1.16348378e+00  1.35338066e+00  1.61642699e+00  1.68894102e+00
  1.62466423e+00  1.59579545e+00  1.52491301e+00  1.33708727e+00
  1.09583728e+00  8.52422993e-01  5.99264109e-01  3.56785775e-01
  1.35175958e-01  1.31673426e-02  1.53125301e-03  2.62773528e-04
  5.39880158e-05  2.36496175e-04  1.36355573e-03  7.05809697e-03
  5.22236110e-02  2.45741981e-01  5.57314943e-01  9.29618689e-01
  1.27344591e+00  1.50406742e+00  1.48914475e+00  1.24901227e+00
  1.12906953e+00  1.43029017e+00  1.71403016e+00  1.85506167e+00
  1.78120511e+00  1.80396082e+00  1.77256655e+00  1.57816669e+00
  1.28967528e+00  9.79532759e-01  6.74399183e-01  3.96776083e-01
  1.57158158e-01  2.14394533e-02  2.46959340e-03  6.35434168e-05
  2.10218823e-05  1.10842652e-04  1.23646889e-03  9.50523517e-03
  7.44719290e-02  3.27930375e-01  6.81769741e-01  1.04549943e+00
  1.33620339e+00  1.45920004e+00  1.35407295e+00  1.13957235e+00
  1.15860050e+00  1.53606416e+00  1.86087422e+00  1.92175789e+00
  1.78018459e+00  1.83547310e+00  1.85516295e+00  1.71483902e+00
  1.42865763e+00  1.07564385e+00  7.22792989e-01  4.06086388e-01
  1.60796855e-01  2.94201242e-02  4.15038844e-03  3.10550533e-04
  1.91108021e-05  1.13709272e-04  2.11747687e-03  1.47239174e-02
  1.10770986e-01  4.13613178e-01  7.83521385e-01  1.11309147e+00
  1.32124202e+00  1.33946656e+00  1.16469398e+00  1.02413116e+00
  1.18059034e+00  1.60617405e+00  1.90651225e+00  1.82216003e+00
  1.65105624e+00  1.72169598e+00  1.83089892e+00  1.75722726e+00
  1.48313870e+00  1.09841724e+00  7.11733090e-01  3.83319212e-01
  1.52707253e-01  3.57792436e-02  5.45613399e-03  3.52594298e-04
  0.00000000e+00  2.08785512e-04  3.14850464e-03  2.58325489e-02
  1.61158527e-01  4.92106975e-01  8.48558788e-01  1.13029262e+00
  1.25132563e+00  1.18323002e+00  1.02126167e+00  9.86514891e-01
  1.21301086e+00  1.63699834e+00  1.83789252e+00  1.69227156e+00
  1.57444534e+00  1.68274291e+00  1.82969447e+00  1.76662882e+00
  1.46266387e+00  1.04981751e+00  6.52955429e-01  3.38306107e-01
  1.37644119e-01  3.98508000e-02  5.93294850e-03  2.54651437e-04
  5.73324062e-06  1.52408646e-04  5.03091864e-03  4.27322312e-02
  2.11284728e-01  5.49034232e-01  8.94516445e-01  1.13597761e+00
  1.19731134e+00  1.13454716e+00  1.06960006e+00  1.13794268e+00
  1.40788705e+00  1.76609419e+00  1.86592138e+00  1.76259071e+00
  1.72235244e+00  1.83389789e+00  1.89947565e+00  1.73813891e+00
  1.36936875e+00  9.48619126e-01  5.73596868e-01  2.92666645e-01
  1.22115636e-01  3.62020701e-02  4.37541813e-03  3.49249908e-04
  7.16655077e-06  3.49249908e-04  8.20761171e-03  5.77084112e-02
  2.42359847e-01  5.77828478e-01  9.28687515e-01  1.17146063e+00
  1.26949284e+00  1.29699615e+00  1.36609173e+00  1.54155565e+00
  1.81650371e+00  2.06406074e+00  2.11113065e+00  2.04010535e+00
  1.99840463e+00  2.00148672e+00  1.88688067e+00  1.58880806e+00
  1.18792316e+00  7.93910494e-01  4.61211497e-01  2.28585737e-01
  9.72343276e-02  2.97650742e-02  4.20533199e-03  1.95885721e-04
  0.00000000e+00  4.37637367e-04  9.44360284e-03  6.39132109e-02
  2.34643861e-01  5.37228057e-01  9.02637103e-01  1.20231407e+00
  1.42271035e+00  1.59455468e+00  1.78428147e+00  2.03828744e+00
  2.27660009e+00  2.43245299e+00  2.42314507e+00  2.30511962e+00
  2.15148406e+00  1.95075423e+00  1.66250075e+00  1.28071470e+00
  9.03386724e-01  5.72995356e-01  3.19239737e-01  1.59088827e-01
  7.15140546e-02  2.01475631e-02  3.20153711e-03  4.82547752e-05
  1.52886416e-05  3.64060779e-04  8.11826871e-03  5.23387536e-02
  1.81479521e-01  4.23669760e-01  7.62623245e-01  1.12186094e+00
  1.45654411e+00  1.75426843e+00  2.02102465e+00  2.28180444e+00
  2.46904109e+00  2.53535940e+00  2.45454268e+00  2.24559855e+00
  1.93517510e+00  1.57173352e+00  1.19610783e+00  8.58954587e-01
  5.65890915e-01  3.43094796e-01  1.85160261e-01  9.65702272e-02
  4.37527480e-02  1.18377086e-02  1.69273929e-03  1.86330320e-05
  1.48108716e-05  2.81884330e-05  5.36296883e-03  3.06365268e-02
  1.06966981e-01  2.61651724e-01  5.12744730e-01  8.40087925e-01
  1.20818252e+00  1.54907479e+00  1.82332818e+00  2.00445272e+00
  2.09139110e+00  2.07361232e+00  1.94977671e+00  1.69347888e+00
  1.33590192e+00  9.71789540e-01  6.71827347e-01  4.46835874e-01
  2.78358865e-01  1.62507272e-01  8.96363504e-02  4.71363155e-02
  1.96631042e-02  4.62720295e-03  5.11213955e-04  3.43994437e-05
  0.00000000e+00  0.00000000e+00  1.83941470e-03  1.17091884e-02
  4.63331840e-02  1.15933770e-01  2.41277220e-01  4.44530633e-01
  7.08690173e-01  9.89617052e-01  1.22411376e+00  1.35773649e+00
  1.37761315e+00  1.31178839e+00  1.18201266e+00  9.56053228e-01
  6.70154674e-01  4.23171445e-01  2.53395858e-01  1.52581599e-01
  9.00056667e-02  5.04572951e-02  2.79275706e-02  1.38433872e-02
  5.15036115e-03  1.22213579e-03  2.75673320e-04  0.00000000e+00
  0.00000000e+00  0.00000000e+00  4.54359319e-04  3.50301002e-03
  1.43350126e-02  3.52149972e-02  7.44437406e-02  1.39408046e-01
  2.28221676e-01  3.35738093e-01  4.29188959e-01  4.86329302e-01
  4.88882505e-01  4.63002657e-01  4.03832747e-01  3.04035661e-01
  1.78946384e-01  8.85312683e-02  3.35236912e-02  1.02261902e-02
  5.71412981e-04  7.39110270e-04  8.79096895e-04 -2.95261892e-04
  7.41976890e-04  4.01804613e-04  5.54213260e-05  0.00000000e+00
  0.00000000e+00  0.00000000e+00  1.05109411e-05  5.09780645e-04
  2.67025682e-03  7.69209783e-03  2.26520337e-02  4.93216357e-02
  8.64171358e-02  1.22103692e-01  1.47447482e-01  1.56646467e-01
  1.48431211e-01  1.34683377e-01  1.09723714e-01  6.96660400e-02
  1.98976893e-02 -1.57186347e-02 -2.94067467e-02 -2.69825414e-02
 -2.07820417e-02 -1.06967937e-02 -3.66115190e-03 -1.68796159e-03
 -6.30656468e-05 -1.91108021e-05  4.96880853e-05  0.00000000e+00
  0.00000000e+00  0.00000000e+00  0.00000000e+00 -1.81552620e-05
  1.06542721e-04  2.52788134e-03  1.05964620e-02  2.60379900e-02
  4.70388504e-02  6.50159041e-02  8.41386504e-02  9.40815230e-02
  9.24088500e-02  8.61027631e-02  7.18064499e-02  5.31347185e-02
  2.83355862e-02  1.10570323e-02  4.63436950e-04 -4.83121076e-03
 -6.52395005e-03 -2.08403296e-03 -1.50975336e-04 -6.11545666e-05
 -1.19442513e-05  2.81884330e-05  0.00000000e+00  0.00000000e+00
  0.00000000e+00  0.00000000e+00  0.00000000e+00  0.00000000e+00
  7.26210478e-05  4.46714998e-04  1.15429244e-03  2.33438447e-03
  3.45379970e-03  5.27171475e-03  8.78475794e-03  1.14177487e-02
  1.37516554e-02  1.59962191e-02  1.74968948e-02  1.57692783e-02
  1.26847949e-02  9.02746512e-03  4.82452198e-03  1.48013162e-03
  2.36973946e-04  7.69209783e-05  2.38407256e-04  5.73324062e-05
  0.00000000e+00  0.00000000e+00  0.00000000e+00  0.00000000e+00]
[ 0.00000000e+00  0.00000000e+00  0.00000000e+00  0.00000000e+00
  0.00000000e+00  0.00000000e+00  0.00000000e+00  0.00000000e+00
  0.00000000e+00  0.00000000e+00  0.00000000e+00  0.00000000e+00
 -4.15731960e-01 -1.49035986e-01  8.47151918e-01  3.52979966e-02
  0.00000000e+00  0.00000000e+00  0.00000000e+00  0.00000000e+00
  0.00000000e+00  0.00000000e+00  0.00000000e+00  0.00000000e+00
  0.00000000e+00  0.00000000e+00  0.00000000e+00  0.00000000e+00
  0.00000000e+00  0.00000000e+00  0.00000000e+00  0.00000000e+00
 -6.27519939e-02 -2.15709979e-01 -2.18455379e+00 -5.58884946e+00
 -8.09892922e+00 -1.22915468e+01 -2.35006217e+01 -3.12112730e+01
 -3.59137505e+01 -3.65373485e+01 -3.35448628e+01 -2.75598913e+01
 -2.57753815e+01 -2.85639232e+01 -2.29946838e+01 -1.67626264e+01
 -1.26641368e+01 -5.02800352e+00 -2.37280977e+00 -8.31463920e-01
  0.00000000e+00  0.00000000e+00  0.00000000e+00  0.00000000e+00
  0.00000000e+00  0.00000000e+00 -2.51007976e-01  6.27519939e-02
 -1.55703385e+00 -9.37357910e-01 -6.83212334e+00 -1.89667902e+01
 -3.33722948e+01 -6.16891321e+01 -1.17134441e+02 -1.79553065e+02
 -2.82419271e+02 -4.12237458e+02 -5.44314718e+02 -6.38968256e+02
 -7.10662409e+02 -6.93695839e+02 -6.04733122e+02 -4.55999130e+02
 -2.75265543e+02 -1.47322072e+02 -6.95998053e+01 -2.02885040e+01
 -5.55747346e+00 -7.37335929e-01  0.00000000e+00  0.00000000e+00
  0.00000000e+00  0.00000000e+00 -3.45135967e-01 -5.21625950e-01
 -9.92265904e-01  5.22410350e+00  1.10796489e+01  2.05983420e+01
  5.98693242e+01  1.10490573e+02  1.38893695e+02  1.87189198e+02
  1.73505341e+02  5.41235948e+01 -2.46838890e+02 -5.58155454e+02
 -8.12948160e+02 -9.90826530e+02 -1.02332814e+03 -8.41045365e+02
 -5.68254603e+02 -3.44971243e+02 -1.82898530e+02 -7.92636124e+01
 -3.19682189e+01 -4.34557558e+00 -6.58895936e-01  0.00000000e+00
  0.00000000e+00  1.49035986e-01  1.05501790e+00  1.14130189e+00
  9.69126107e+00  5.55943446e+01  1.47820166e+02  3.41617933e+02
  6.63818046e+02  1.10866693e+03  1.68513420e+03  2.43691878e+03
  3.30011560e+03  4.13350522e+03  4.57608719e+03  4.56113652e+03
  3.98502616e+03  3.08550378e+03  2.07746359e+03  1.25484378e+03
  4.85202339e+02 -7.15764931e+01 -3.05868907e+02 -3.00444781e+02
 -1.50165522e+02 -3.35134868e+01 -2.79638573e+00 -1.56879985e-02
  0.00000000e+00  0.00000000e+00 -5.09859951e-02  1.09933649e+01
  5.76926144e+01  2.10556472e+02  5.17292140e+02  1.03096427e+03
  1.78078785e+03  2.75754617e+03  4.04140882e+03  5.69883017e+03
  7.54815889e+03  9.58706530e+03  1.10909521e+04  1.17636261e+04
  1.12418707e+04  9.66392865e+03  7.26891252e+03  4.73363391e+03
  2.35406261e+03  5.43675432e+02 -4.90983367e+02 -7.45152474e+02
 -4.71993044e+02 -1.32610651e+02 -1.94217421e+01 -7.37335929e-01
  0.00000000e+00  4.31419958e-02 -2.00021981e+00  2.99483891e+01
  1.32402785e+02  3.74401928e+02  8.65255869e+02  1.63798392e+03
  2.69606490e+03  3.93507165e+03  5.51126446e+03  7.47392328e+03
  9.67669476e+03  1.22266926e+04  1.44367747e+04  1.58071763e+04
  1.57378863e+04  1.41592815e+04  1.13768934e+04  7.79946886e+03
  4.41377523e+03  1.57493778e+03 -2.61950355e+02 -9.53226320e+02
 -7.59785455e+02 -2.86709938e+02 -5.61395026e+01 -4.01612761e+00
 -1.84333982e-01 -6.66739936e-01 -1.61743264e+01 -6.57719337e+00
  8.37425359e+01  2.76516661e+02  7.14655005e+02  1.35294868e+03
  2.20212827e+03  3.26902198e+03  4.66388115e+03  6.38200721e+03
  8.31629820e+03  1.04223100e+04  1.24877605e+04  1.40634749e+04
  1.44697430e+04  1.35462102e+04  1.14270440e+04  8.45143855e+03
  5.28194515e+03  2.44897108e+03  3.85826713e+02 -7.26326876e+02
 -7.94330427e+02 -3.92207806e+02 -7.58357847e+01 -2.54537775e+00
 -5.41235948e-01 -9.87951705e+00 -6.65955536e+01 -1.34473601e+02
 -1.49122270e+02 -1.37983791e+02  9.36142090e+01  3.53403542e+02
  8.50583668e+02  1.59312409e+03  2.70310881e+03  3.61727986e+03
  4.52344219e+03  5.65423312e+03  7.19891267e+03  9.03720095e+03
  1.00943838e+04  1.00676318e+04  9.26208449e+03  7.68005966e+03
  5.52787806e+03  3.27232823e+03  1.35981610e+03 -3.07092570e+01
 -5.16817578e+02 -3.38950973e+02 -6.00889562e+01 -7.02037932e-01
 -1.14522389e+00 -1.64096464e+01 -1.08792348e+02 -2.51309970e+02
 -3.96761248e+02 -5.25155749e+02 -4.66000229e+02 -3.93435392e+02
 -1.20946624e+02  5.02753288e+02  1.12031919e+03  1.09762650e+03
  1.00060015e+03  1.81668983e+03  3.95684267e+03  6.43393449e+03
  7.68252660e+03  7.87790885e+03  7.54794318e+03  6.83197038e+03
  5.67822007e+03  4.08391545e+03  2.39089411e+03  8.66444234e+02
 -5.56139546e+01 -1.85157602e+02 -2.99562331e+01 -1.25111788e+00
 -1.56879985e+00 -2.13278339e+01 -1.15110689e+02 -2.67445076e+02
 -4.70047733e+02 -5.75843672e+02 -5.31607439e+02 -4.22611147e+02
 -1.04886036e+02  2.37304509e+02  2.59604999e+02 -2.33911979e+02
 -3.01695899e+02  1.52865034e+03  5.08531177e+03  7.89580494e+03
  8.35331404e+03  7.49173308e+03  6.61263648e+03  6.04944125e+03
  5.45552501e+03  4.46487104e+03  3.11471483e+03  1.56342671e+03
  3.27785040e+02 -4.80052754e+01 -1.04089870e+01  1.34916787e+00
 -1.39623187e+00 -1.66292784e+01 -9.26101771e+01 -2.08689600e+02
 -3.49571748e+02 -3.15877850e+02 -1.88310890e+02  3.86905263e+01
  2.04520514e+02  1.31285015e+02 -2.11580114e+02 -3.99490959e+02
  7.46929140e+02  4.18671106e+03  8.59407383e+03  1.07525895e+04
  9.47565306e+03  7.05049636e+03  5.27065763e+03  4.74695302e+03
  4.57300057e+03  4.08981022e+03  3.14840088e+03  1.81097940e+03
  5.27622687e+02  1.53820825e+01  3.56901966e+00 -1.25503988e-01
 -8.94215914e-01 -1.00520850e+01 -5.23900709e+01 -1.25970706e+02
 -1.79188319e+02 -8.99314513e+00  2.25307112e+02  3.59412045e+02
  2.17043459e+02 -1.42901978e+02 -3.60161147e+02  4.02334409e+02
  3.00336926e+03  7.66452462e+03  1.18728341e+04  1.24201217e+04
  9.10907160e+03  5.16977596e+03  3.09917587e+03  2.72707223e+03
  2.96399631e+03  3.11515409e+03  2.69693166e+03  1.72408750e+03
  5.39271026e+02  1.77235163e+01  6.02026942e+00  6.74583935e-01
  1.25503988e-01 -3.80041763e+00 -2.46654556e+01 -6.66347736e+01
 -6.03674182e+01  2.71527878e+02  5.48193575e+02  5.28234519e+02
  1.19228789e+02 -4.02471679e+02 -2.46603570e+02  1.60531367e+03
  5.25569128e+03  1.05038406e+04  1.33566521e+04  1.19474463e+04
  6.76166462e+03  2.46014878e+03  8.90850838e+02  7.98385775e+02
  1.44470778e+03  2.06730953e+03  2.02510097e+03  1.40341305e+03
  4.48210039e+02  5.49079947e+00  9.84814105e+00  2.23553978e+00
 -4.43185957e-01 -6.86349934e-01 -1.03932990e+01 -3.75217704e+01
  4.30204139e+01  5.61716630e+02  8.35833027e+02  7.46274166e+02
  1.88008896e+02 -3.69770046e+02  1.70438338e+02  2.48657129e+03
  6.52692510e+03  1.13896085e+04  1.24861682e+04  9.28054142e+03
  3.44691212e+03  3.37452769e+02 -3.87646521e+02 -1.70673658e+02
  5.94833995e+02  1.31841939e+03  1.39515724e+03  1.01977873e+03
  3.51634720e+02 -9.16963512e+00  1.71979683e+01  5.21625950e-01
 -1.72567983e-01  8.62839917e-01  2.11787980e-01 -1.66332004e+01
  2.27185750e+02  9.88567459e+02  1.35939252e+03  1.31925870e+03
  6.85683194e+02  1.21060362e+02  7.26495522e+02  3.04523661e+03
  6.99162714e+03  1.03584481e+04  9.79724134e+03  5.75904463e+03
  1.10256822e+03 -3.35997708e+02 -3.03249011e+02  1.35952195e+02
  7.08666112e+02  1.08690376e+03  1.14704762e+03  8.30169660e+02
  3.01644913e+02  3.06700370e+00  2.61322835e+01  2.50223576e+00
 -1.56879985e-01  9.33435910e-01  1.47859386e+01  4.35185078e+01
  5.05404559e+02  1.61866415e+03  2.28266261e+03  2.37214303e+03
  1.76873947e+03  1.14305895e+03  1.70912507e+03  3.95950570e+03
  6.98984656e+03  8.57279306e+03  6.98296737e+03  3.30195109e+03
  7.20953736e+02  5.80197092e+02  1.01400947e+03  1.35806689e+03
  1.58342891e+03  1.58124043e+03  1.33578601e+03  9.13829834e+02
  3.59031611e+02  8.49661998e+01  3.50783646e+01  2.80815173e+00
  0.00000000e+00  1.21189788e+00  2.30927338e+01  1.59229263e+02
  9.13982792e+02  2.35839250e+03  3.39421613e+03  3.75069844e+03
  3.26093090e+03  2.63977244e+03  3.06830189e+03  4.85938106e+03
  6.78078044e+03  7.02038325e+03  5.07232211e+03  2.55881060e+03
  1.52931316e+03  2.08781767e+03  2.60457249e+03  2.82031385e+03
  2.72160496e+03  2.35281542e+03  1.82269049e+03  1.11907984e+03
  5.24187015e+02  1.91738718e+02  4.19732400e+01  2.00414181e+00
 -2.35319977e-02  9.21669911e-01  3.74158764e+01  3.02029269e+02
  1.32916959e+03  3.06093245e+03  4.42099563e+03  5.15311530e+03
  5.00070248e+03  4.45406593e+03  4.54178538e+03  5.33505294e+03
  5.88688221e+03  5.39305540e+03  3.87904588e+03  2.62205677e+03
  2.55126075e+03  3.22523678e+03  3.90731958e+03  4.13490145e+03
  3.75643241e+03  3.08080914e+03  2.26891992e+03  1.35867480e+03
  6.62657134e+02  2.36249491e+02  3.15015010e+01  2.83560573e+00
  5.88299943e-02  1.31386987e+00  5.89829523e+01  4.32788736e+02
  1.61665217e+03  3.48288470e+03  5.17763564e+03  6.48014741e+03
  6.94037445e+03  6.67033693e+03  5.99162313e+03  5.37982257e+03
  4.72801761e+03  3.98155519e+03  3.18898966e+03  2.91688917e+03
  3.40651945e+03  4.22438579e+03  5.00260857e+03  5.06832167e+03
  4.37636720e+03  3.45845849e+03  2.37068405e+03  1.35784726e+03
  6.41619528e+02  2.24079526e+02  3.15093450e+01  1.60801984e+00
  0.00000000e+00  3.24741569e+00  7.24785530e+01  4.91967789e+02
  1.68023562e+03  3.51900239e+03  5.56600381e+03  7.48764636e+03
  8.82452268e+03  9.04321338e+03  7.99406672e+03  6.27436793e+03
  4.71077650e+03  3.83910032e+03  3.66916792e+03  4.01989665e+03
  4.67385087e+03  5.34656401e+03  5.72190330e+03  5.31716078e+03
  4.34118294e+03  3.15007950e+03  1.96671416e+03  1.08320923e+03
  5.27536403e+02  1.58550757e+02  2.29554638e+01  3.92199962e-03
  1.25503988e-01  2.98856371e+00  6.47914338e+01  4.06852553e+02
  1.34841877e+03  3.04050275e+03  5.27855654e+03  7.67844772e+03
  9.84771747e+03  1.09680837e+04  1.05308200e+04  8.81074470e+03
  7.07527163e+03  6.22873939e+03  6.18641317e+03  6.33441375e+03
  6.37606538e+03  6.12208453e+03  5.59145367e+03  4.56081884e+03
  3.32735388e+03  2.13876444e+03  1.25602430e+03  7.03508682e+02
  3.38095977e+02  9.01236293e+01  1.07031370e+01  1.52957985e-01
  1.21581988e-01  2.31397978e-01  4.38361898e+01  2.44654336e+02
  8.01366495e+02  2.00753826e+03  3.96008224e+03  6.34835253e+03
  8.85965988e+03  1.08169769e+04  1.17042744e+04  1.14361038e+04
  1.06528922e+04  9.95984352e+03  9.29118573e+03  8.14967989e+03
  6.80199062e+03  5.36882136e+03  3.99779226e+03  2.75240050e+03
  1.78173697e+03  1.09499484e+03  6.54683709e+02  3.63675259e+02
  1.54738573e+02  3.25329869e+01  2.03159580e+00  2.82383973e-01
  0.00000000e+00  0.00000000e+00  1.46525906e+01  9.13276832e+01
  3.22749193e+02  8.63224273e+02  1.88646221e+03  3.42784336e+03
  5.31946692e+03  7.15310371e+03  8.52694488e+03  9.26021762e+03
  9.33495132e+03  8.84778014e+03  7.68969209e+03  5.99751398e+03
  4.29898223e+03  2.79654261e+03  1.72375805e+03  1.01060517e+03
  5.78389050e+02  3.82755787e+02  2.42450173e+02  1.26559006e+02
  4.13378760e+01  6.53405137e+00  1.30602587e+00  0.00000000e+00
  0.00000000e+00  0.00000000e+00  2.90620172e+00  2.03787100e+01
  7.05567732e+01  1.79482469e+02  3.79778989e+02  6.67230186e+02
  1.07980101e+03  1.58860987e+03  2.07856175e+03  2.42678825e+03
  2.59976412e+03  2.54930368e+03  2.14210599e+03  1.55380212e+03
  1.13212049e+03  7.73908575e+02  5.01651206e+02  3.07790686e+02
  1.95645029e+02  1.22856638e+02  7.74594925e+01  4.15653520e+01
  1.08835490e+01  3.76119764e+00  4.54951956e-01  0.00000000e+00
  0.00000000e+00  0.00000000e+00  3.68667964e-01 -2.65519374e+00
 -6.65563336e+00 -2.52184576e+01 -9.96815424e+01 -2.55851645e+02
 -4.58097400e+02 -6.56832965e+02 -7.76485329e+02 -8.01743007e+02
 -7.09885854e+02 -6.02834874e+02 -4.68294599e+02 -2.57396913e+02
  5.90692363e+01  2.64931074e+02  3.18772285e+02  2.67464686e+02
  1.94107605e+02  9.98815644e+01  3.53803586e+01  1.42407806e+01
  6.66739936e-01  8.39307919e-01  4.07887961e-01  0.00000000e+00
  0.00000000e+00  0.00000000e+00  0.00000000e+00  1.49035986e-01
 -7.49101928e-01 -1.97629561e+01 -8.49465898e+01 -2.09273978e+02
 -3.81230129e+02 -5.27414821e+02 -6.80996404e+02 -7.60271783e+02
 -7.45528986e+02 -6.90185649e+02 -5.76098602e+02 -4.24399579e+02
 -2.19522163e+02 -7.90557464e+01  5.34960748e+00  4.62560635e+01
  5.80338284e+01  1.95158701e+01  1.59233185e+00  5.02015952e-01
  9.80499905e-02 -2.31397978e-01  0.00000000e+00  0.00000000e+00
  0.00000000e+00  0.00000000e+00  0.00000000e+00  0.00000000e+00
 -5.96143943e-01 -3.66706965e+00 -9.47555109e+00 -1.91628902e+01
 -2.83521353e+01 -4.32753438e+01 -7.21138070e+01 -9.37279470e+01
 -1.12886915e+02 -1.31312469e+02 -1.43631470e+02 -1.29449520e+02
 -1.04129090e+02 -7.41061829e+01 -3.96043522e+01 -1.21503548e+01
 -1.94531181e+00 -6.31441939e-01 -1.95707781e+00 -4.70639955e-01
  0.00000000e+00  0.00000000e+00  0.00000000e+00  0.00000000e+00]
[ 0.00000000e+00  0.00000000e+00  0.00000000e+00  0.00000000e+00
  0.00000000e+00  0.00000000e+00  0.00000000e+00  0.00000000e+00
  0.00000000e+00  0.00000000e+00  0.00000000e+00  0.00000000e+00
 -4.94159751e-01 -1.84329431e+00 -8.47131001e-01 -3.52971250e-02
  0.00000000e+00  0.00000000e+00  0.00000000e+00  0.00000000e+00
  0.00000000e+00  0.00000000e+00  0.00000000e+00  0.00000000e+00
  0.00000000e+00  0.00000000e+00  0.00000000e+00  0.00000000e+00
  0.00000000e+00  0.00000000e+00  0.00000000e+00  0.00000000e+00
 -6.27504445e-02 -2.15704653e-01 -2.18449985e+00 -5.71421235e+00
 -1.02871510e+01 -1.50836381e+01 -2.82690753e+01 -3.68188233e+01
 -3.90033232e+01 -4.06936633e+01 -4.05877719e+01 -3.62893665e+01
 -4.15015752e+01 -3.52382965e+01 -2.35588700e+01 -1.67622125e+01
 -1.26638241e+01 -5.02787937e+00 -2.37275118e+00 -8.31443390e-01
  0.00000000e+00  0.00000000e+00  0.00000000e+00  0.00000000e+00
  0.00000000e+00  0.00000000e+00 -2.51001778e-01  6.27504445e-02
 -1.55699540e+00 -1.29030602e+00 -1.04165738e+01 -3.09987196e+01
 -6.18209536e+01 -1.19214079e+02 -2.03295753e+02 -3.01519808e+02
 -4.34315436e+02 -5.78453207e+02 -7.29634716e+02 -8.23297598e+02
 -8.50656792e+02 -7.82847093e+02 -6.46360954e+02 -4.66192662e+02
 -2.75321497e+02 -1.44628009e+02 -6.62252504e+01 -2.16371377e+01
 -8.28698058e+00 -2.03154564e+00  0.00000000e+00  0.00000000e+00
  0.00000000e+00  0.00000000e+00 -4.31409306e-01 -6.07894931e-01
 -1.40011929e+00 -1.33815323e+01 -4.70667553e+01 -1.23351686e+02
 -2.61265398e+02 -4.96222672e+02 -7.96436486e+02 -1.16933885e+03
 -1.56056826e+03 -1.98190220e+03 -2.38771324e+03 -2.62026247e+03
 -2.59371511e+03 -2.33476756e+03 -1.85591499e+03 -1.26218989e+03
 -6.93451241e+02 -3.16324991e+02 -1.18747372e+02 -3.12654090e+01
 -1.37305816e+01 -2.17273414e+00 -2.90220806e-01  0.00000000e+00
  0.00000000e+00 -1.49032306e-01  1.52954209e-01 -1.78446577e+00
 -1.31501400e+01 -7.60339293e+01 -1.98228654e+02 -4.60945156e+02
 -8.81145664e+02 -1.46218341e+03 -2.12565562e+03 -2.71561177e+03
 -3.07144993e+03 -3.15217446e+03 -2.92188032e+03 -2.51004131e+03
 -1.98898515e+03 -1.23650143e+03 -5.43948306e+02  9.86358550e+01
  4.82429339e+02  5.52988292e+02  4.69773359e+02  3.15866128e+02
  1.39423644e+02  3.44225407e+01  6.34956061e+00 -1.56876111e-02
  0.00000000e+00  0.00000000e+00 -1.67465249e+00 -8.82820316e+00
 -6.55349955e+01 -2.43189348e+02 -5.63353881e+02 -1.09871714e+03
 -1.83306991e+03 -2.56566566e+03 -3.14007146e+03 -3.24327241e+03
 -2.80709800e+03 -1.78537173e+03 -5.09204170e+02  7.22324289e+02
  1.94386758e+03  3.04243569e+03  3.74213453e+03  3.85657957e+03
  3.43770467e+03  2.75593677e+03  2.01548545e+03  1.30400522e+03
  6.31649897e+02  1.79442740e+02  3.12732528e+01  3.76502667e-01
  0.00000000e+00 -4.31409306e-02 -5.38085062e+00 -4.17682646e+01
 -1.80434981e+02 -5.02105526e+02 -1.04549300e+03 -1.76770355e+03
 -2.45015778e+03 -2.71774921e+03 -2.36501719e+03 -1.29698502e+03
  3.87342806e+02  2.48091726e+03  4.34046001e+03  5.73008430e+03
  6.71570161e+03  7.52565297e+03  7.84390361e+03  7.26385811e+03
  6.11400720e+03  4.73678398e+03  3.50011783e+03  2.32601779e+03
  1.20773427e+03  4.20651527e+02  8.45954430e+01  5.88285417e+00
 -1.84329431e-01 -4.64353290e+00 -2.41510773e+01 -1.21284844e+02
 -4.07093509e+02 -8.92483885e+02 -1.60584270e+03 -2.16449030e+03
 -2.26434587e+03 -1.58086803e+03 -7.06060158e+01  1.94891507e+03
  4.12040205e+03  6.02670565e+03  7.25594764e+03  7.93992356e+03
  8.20374604e+03  8.39516235e+03  8.43139288e+03  7.79054613e+03
  6.69347226e+03  5.47090927e+03  4.18503501e+03  2.87431156e+03
  1.54717496e+03  5.85649899e+02  1.15209816e+02  6.69468805e+00
 -5.41222584e-01 -1.19578816e+01 -7.55750666e+01 -2.71415282e+02
 -6.52753655e+02 -1.21028351e+03 -1.77431196e+03 -1.87735996e+03
 -1.08807310e+03  6.54996984e+02  2.91934285e+03  4.92638445e+03
  6.10999117e+03  6.46675883e+03  6.29923867e+03  6.10395144e+03
  5.84493330e+03  5.80758502e+03  6.22312630e+03  6.44385099e+03
  6.20836426e+03  5.48199649e+03  4.30986133e+03  2.90749478e+03
  1.54646902e+03  5.92234774e+02  1.09103414e+02  6.39662344e+00
 -1.14519561e+00 -1.80642842e+01 -1.18735607e+02 -3.57830488e+02
 -7.29775904e+02 -1.16045181e+03 -1.30631130e+03 -6.34057945e+02
  1.19667451e+03  3.86087798e+03  6.15472832e+03  7.07107306e+03
  6.38038284e+03  5.12015782e+03  4.22345004e+03  3.69088310e+03
  3.13279633e+03  3.16227728e+03  4.01076526e+03  4.94917854e+03
  5.41828518e+03  5.11822432e+03  4.09524696e+03  2.64338209e+03
  1.25996618e+03  4.21479048e+02  7.70340145e+01  5.03964508e+00
 -1.56876111e+00 -2.21509069e+01 -1.19547441e+02 -3.35146202e+02
 -5.64734391e+02 -6.44792193e+02 -1.71438136e+02  1.43185533e+03
  4.17012393e+03  7.19175785e+03  8.85775078e+03  8.21990428e+03
  5.87131594e+03  3.87710289e+03  3.34236321e+03  3.04834208e+03
  2.21292972e+03  2.14282571e+03  2.95853835e+03  3.98947717e+03
  4.60701998e+03  4.51564357e+03  3.66410435e+03  2.27573900e+03
  9.20635303e+02  2.37949686e+02  4.43253453e+01  3.97680942e+00
 -1.39619739e+00 -1.71308714e+01 -9.24353267e+01 -2.21885572e+02
 -2.85416475e+02  8.37718434e+01  1.23555625e+03  3.64044743e+03
  6.86078456e+03  9.58231448e+03  1.00782352e+04  7.91524303e+03
  4.78401545e+03  3.36909490e+03  3.82401993e+03  3.76949372e+03
  2.81503200e+03  2.39343922e+03  2.56124568e+03  3.06882618e+03
  3.56891977e+03  3.73520060e+03  3.17875711e+03  2.00448843e+03
  7.04495319e+02  9.69023740e+01  2.49668331e+01  7.53005334e-01
 -8.94193835e-01 -9.14979919e+00 -4.83099985e+01 -9.24117953e+01
  9.96947687e+00  7.51573840e+02  2.53333349e+03  5.37241068e+03
  8.52021614e+03  1.03833317e+04  9.50380190e+03  6.44905144e+03
  3.91446293e+03  4.16026427e+03  5.48073364e+03  5.27124520e+03
  3.69054974e+03  2.28178657e+03  1.68050005e+03  1.69013224e+03
  2.29170898e+03  2.88903439e+03  2.70639530e+03  1.80951104e+03
  5.83033990e+02  1.40600215e+01  6.49074911e+00  7.84380557e-03
  1.25500889e-01 -1.81584099e+00 -2.26882076e+01 -2.57825889e+01
  2.19728525e+02  1.36592815e+03  3.54130565e+03  6.46839034e+03
  9.03153814e+03  9.83979916e+03  8.02016177e+03  5.35615047e+03
  4.45624635e+03  6.59803276e+03  7.92716169e+03  6.87675062e+03
  3.63728638e+03  1.23679950e+03  2.83067255e+02  3.61756313e+02
  1.35869616e+03  2.28242976e+03  2.31369517e+03  1.57464789e+03
  4.78907471e+02 -2.65591256e+01 -6.82018894e+00 -2.15704653e+00
  4.43175014e-01 -9.92241404e-01 -8.88703171e+00  9.23608105e+00
  3.87064351e+02  1.85971139e+03  4.16576670e+03  6.70026892e+03
  8.45292021e+03  8.35371176e+03  6.66216371e+03  5.33141896e+03
  6.42540628e+03  9.47451313e+03  9.89934149e+03  7.31821569e+03
  2.72274963e+03  2.99174510e+02 -5.61087022e+02 -2.67422785e+02
  9.17466406e+02  1.86462946e+03  1.91665742e+03  1.30951157e+03
  3.79251921e+02 -7.48691241e+01 -1.82643013e+01 -5.21613070e-01
  1.17657083e-01 -8.62818612e-01 -6.12601215e+00  1.54483751e+01
  4.67490812e+02  2.10809726e+03  4.13212854e+03  5.92653633e+03
  6.82207145e+03  6.27081272e+03  5.32474388e+03  5.54599410e+03
  7.84121319e+03  1.03081724e+04  9.73165269e+03  6.38934047e+03
  2.40225174e+03  6.17942846e+02 -2.12096503e+02 -1.90094628e+02
  5.81367181e+02  1.27164560e+03  1.37870178e+03  9.15929020e+02
  1.88804322e+02 -1.36262590e+02 -2.92377852e+01 -2.50217398e+00
 -1.56876111e-01 -6.27504445e-01 -1.51542324e+01 -3.93602163e+01
  3.86683927e+02  1.98120410e+03  3.48936789e+03  4.35900669e+03
  4.32164272e+03  3.56219370e+03  3.44203837e+03  4.67189217e+03
  6.94726251e+03  8.39231505e+03  7.60403220e+03  5.04989301e+03
  2.79275952e+03  1.56106634e+03  3.27314162e+02 -2.48621183e+02
  5.91344502e+01  5.11855376e+02  6.33661833e+02  3.65768419e+02
 -7.61202111e+01 -2.16285095e+02 -3.80110818e+01 -2.71395673e+00
  0.00000000e+00 -7.17708209e-01 -2.28568494e+01 -1.51961967e+02
  1.87247326e+02  1.55050858e+03  2.59087957e+03  2.77475798e+03
  2.02254880e+03  1.20032972e+03  1.26068388e+03  2.56291641e+03
  4.26075126e+03  5.14098312e+03  4.86196719e+03  3.82785948e+03
  2.92347262e+03  1.72388413e+03  1.20523994e+02 -7.99852463e+02
 -6.35454142e+02 -3.15171951e+02 -1.32838769e+02 -2.06903903e+02
 -3.50590655e+02 -2.80886677e+02 -4.34625266e+01 -1.12558610e+00
 -2.35314167e-02 -1.06283565e+00 -3.84424911e+01 -2.91236579e+02
 -1.31340602e+02  9.31977446e+02  1.81435067e+03  1.87814434e+03
  1.09430892e+03  8.70427104e+01 -3.01970827e+02  4.11254648e+02
  1.45048437e+03  2.35904806e+03  2.85519229e+03  2.79177904e+03
  2.22295019e+03  9.41158620e+02 -5.66734562e+02 -1.29036092e+03
 -1.16805638e+03 -9.79848191e+02 -7.38153089e+02 -6.63232980e+02
 -5.33978830e+02 -2.70654433e+02 -3.12340338e+01 -9.45178571e-01
  5.88285417e-02 -1.81584099e+00 -6.07071332e+01 -4.09638824e+02
 -4.77087708e+02  3.26317999e+02  1.28648608e+03  1.72654711e+03
  1.30744865e+03  3.73298473e+02 -5.35324042e+02 -7.62527714e+02
 -2.81984810e+02  7.52483721e+02  1.65339970e+03  1.98696537e+03
  1.54081756e+03  4.73146196e+02 -5.61220366e+02 -1.15988706e+03
 -1.27270844e+03 -1.20125529e+03 -1.03049564e+03 -8.17720652e+02
 -5.59777106e+02 -2.26254572e+02 -3.14850355e+01 -3.45127445e-01
  0.00000000e+00 -2.56492442e+00 -7.12217545e+01 -4.69420388e+02
 -7.73709059e+02 -2.53703969e+02  8.35910437e+02  1.81100920e+03
  2.13309939e+03  1.77395507e+03  9.12324791e+02  3.29204520e+01
 -1.71465590e+01  7.94573582e+02  1.69398355e+03  2.21439652e+03
  1.92305404e+03  1.23627788e+03  3.19529185e+02 -3.52151573e+02
 -7.96271766e+02 -9.86013422e+02 -8.96676399e+02 -7.18429839e+02
 -4.60011743e+02 -1.51228571e+02 -2.23117049e+01  3.96112181e-01
  1.25500889e-01 -2.91005186e+00 -6.38485773e+01 -3.85868171e+02
 -7.65786816e+02 -5.86249950e+02  2.88652045e+02  1.60849391e+03
  2.78572755e+03  3.52848887e+03  3.57382607e+03  3.08129391e+03
  2.84457962e+03  3.30501101e+03  3.94116717e+03  4.26102972e+03
  3.87765588e+03  2.98853698e+03  1.83522303e+03  7.19406393e+02
 -9.21411840e+01 -5.29727487e+02 -5.77723733e+02 -4.77832869e+02
 -2.86365576e+02 -8.38149844e+01 -7.49475622e+00  1.52954209e-01
  1.21578986e-01 -1.52954209e-01 -4.32468220e+01 -2.31666797e+02
 -5.47042688e+02 -5.60902692e+02 -3.63168198e+01  1.09916816e+03
  2.74336707e+03  4.45884265e+03  5.87246898e+03  6.73019696e+03
  7.28283620e+03  7.67512061e+03  7.75073881e+03  7.18130990e+03
  6.00555090e+03  4.45726997e+03  2.77506389e+03  1.37767424e+03
  4.17357128e+02 -8.44895517e+01 -2.34914133e+02 -2.09982597e+02
 -1.15923602e+02 -2.45001267e+01  3.05908417e-01  2.82377000e-01
  0.00000000e+00  0.00000000e+00 -1.46522288e+01 -8.95056653e+01
 -2.61653666e+02 -3.35157968e+02 -9.41139011e+01  6.56157867e+02
  2.00494338e+03  3.71419489e+03  5.45736694e+03  6.97867303e+03
  7.97727968e+03  8.27591297e+03  7.95979976e+03  6.95845170e+03
  5.53791498e+03  3.98043326e+03  2.51268468e+03  1.44016192e+03
  7.19837803e+02  2.48617261e+02  4.66784869e+01 -4.60823577e+00
 -8.03205690e+00 -1.22363367e+00  9.68709987e-01  0.00000000e+00
  0.00000000e+00  0.00000000e+00 -3.72972955e+00 -2.60022155e+01
 -9.39060402e+01 -1.63484518e+02 -1.62574636e+02 -2.34569005e+01
  3.63101525e+02  1.02492262e+03  1.82093554e+03  2.61655627e+03
  3.24588832e+03  3.51875863e+03  3.49214460e+03  3.10143288e+03
  2.61849369e+03  2.11341536e+03  1.58300939e+03  1.05990991e+03
  6.25049334e+02  3.01331557e+02  1.29462011e+02  5.76205957e+01
  5.94168272e+00 -8.19677682e-01 -3.13752223e-01  0.00000000e+00
  0.00000000e+00  0.00000000e+00 -8.62818612e-02 -2.19234366e+00
 -1.79505490e+01 -5.53694235e+01 -1.44059333e+02 -2.84396780e+02
 -4.32248593e+02 -5.06050960e+02 -4.95861856e+02 -4.41912162e+02
 -2.91620925e+02 -9.89417634e+01  7.58260684e+01  2.55743359e+02
  5.09937566e+02  6.19488076e+02  5.71782051e+02  4.11431133e+02
  2.56814038e+02  1.30595441e+02  6.20248925e+01  3.10183291e+01
  5.23181831e+00  1.56876111e-01 -4.07877889e-01  0.00000000e+00
  0.00000000e+00  0.00000000e+00  0.00000000e+00  1.49032306e-01
 -3.41205542e-01 -1.87663048e+01 -8.38855786e+01 -2.11465076e+02
 -3.75941835e+02 -5.12600538e+02 -6.52624233e+02 -7.27552185e+02
 -7.07883843e+02 -6.61774032e+02 -5.49658597e+02 -3.96300432e+02
 -2.04527230e+02 -6.45270665e+01  1.50522629e+01  4.92669428e+01
  5.93736862e+01  2.12018064e+01  3.15320984e+00  1.41972881e+00
  1.21578986e-01 -2.31392264e-01  0.00000000e+00  0.00000000e+00
  0.00000000e+00  0.00000000e+00  0.00000000e+00  0.00000000e+00
 -5.96129223e-01 -3.66697910e+00 -9.47531712e+00 -1.91624170e+01
 -2.83514352e+01 -4.32742753e+01 -7.12178326e+01 -9.17254623e+01
 -1.10883957e+02 -1.30634660e+02 -1.43627924e+02 -1.29446323e+02
 -1.04126519e+02 -7.41043531e+01 -3.96033743e+01 -1.21500548e+01
 -1.94526378e+00 -6.31426348e-01 -1.95702949e+00 -4.70628334e-01
  0.00000000e+00  0.00000000e+00  0.00000000e+00  0.00000000e+00]
[ 0.00000000e+00  0.00000000e+00  0.00000000e+00  0.00000000e+00
  0.00000000e+00  0.00000000e+00  0.00000000e+00  0.00000000e+00
  0.00000000e+00  0.00000000e+00  0.00000000e+00  0.00000000e+00
  5.03276539e-04  1.87730138e-03  8.62759781e-04  3.59483242e-05
  0.00000000e+00  0.00000000e+00  0.00000000e+00  0.00000000e+00
  0.00000000e+00  0.00000000e+00  0.00000000e+00  0.00000000e+00
  0.00000000e+00  0.00000000e+00  0.00000000e+00  0.00000000e+00
  0.00000000e+00  0.00000000e+00  0.00000000e+00  0.00000000e+00
  6.39081319e-05  2.19684204e-04  2.22480184e-03  5.81963426e-03
  1.04769394e-02  1.53619172e-02  2.87906134e-02  3.85206265e-02
  4.17439929e-02  4.25228733e-02  4.28783623e-02  3.76778380e-02
  4.42324158e-02  3.68230668e-02  2.39935093e-02  1.70714597e-02
  1.28974599e-02  5.12063907e-03  2.41652624e-03  8.46782748e-04
  0.00000000e+00  0.00000000e+00  0.00000000e+00  0.00000000e+00
  0.00000000e+00  0.00000000e+00  2.55632528e-04  1.67758846e-04
  1.66560569e-03  1.31411096e-03  1.12877738e-02  3.31683205e-02
  6.33129875e-02  1.21413468e-01  2.06135680e-01  3.05365037e-01
  4.42847406e-01  5.94605254e-01  7.47329712e-01  8.40747424e-01
  8.68779128e-01  7.97489607e-01  6.58884852e-01  4.78308431e-01
  2.82829432e-01  1.48718217e-01  6.89408973e-02  2.20363227e-02
  8.43986767e-03  2.06902577e-03  0.00000000e+00  0.00000000e+00
  0.00000000e+00  0.00000000e+00  4.39368407e-04  1.29014541e-03
  2.21681333e-03  1.06407040e-02  4.11688197e-02  1.12574174e-01
  2.37941958e-01  4.52381700e-01  7.33801159e-01  1.07816214e+00
  1.45262784e+00  1.90178618e+00  2.34315571e+00  2.65413667e+00
  2.68321887e+00  2.42161093e+00  1.95364763e+00  1.38810460e+00
  8.19825499e-01  4.20731198e-01  1.81219497e-01  6.60889969e-02
  2.48882231e-02  3.96230418e-03  2.95575110e-04  0.00000000e+00
  0.00000000e+00 -1.51781813e-04 -3.07557885e-04  3.47500467e-04
 -1.55776072e-04  2.05344816e-02  6.12878985e-02  1.67427323e-01
  3.79218872e-01  7.12523746e-01  1.09319653e+00  1.65142607e+00
  2.36586706e+00  3.14201934e+00  3.84321138e+00  4.38814803e+00
  4.57263483e+00  4.05094076e+00  3.14134431e+00  2.12286837e+00
  1.22748748e+00  5.79518940e-01  1.85285651e-01  9.74998438e-03
 -1.96437621e-02 -7.41733756e-03 -8.90719589e-04  4.87299506e-04
  0.00000000e+00  0.00000000e+00  9.86581787e-04 -7.36141795e-03
 -2.46605504e-02 -3.45423453e-02 -1.05248705e-02  8.77898020e-02
  3.20439368e-01  7.33229980e-01  1.27187568e+00  2.07976234e+00
  3.08560843e+00  3.97928377e+00  4.82742057e+00  5.50423565e+00
  5.90415277e+00  5.62393558e+00  4.59225063e+00  3.24366522e+00
  1.95943930e+00  1.00084129e+00  3.51978031e-01 -2.07581601e-02
 -1.25783186e-01 -5.58397303e-02 -1.53139861e-02 -7.98851649e-06
  0.00000000e+00 -4.39368407e-05 -4.81707544e-03 -3.68430381e-02
 -1.06946265e-01 -1.76905698e-01 -2.14787243e-01 -9.95449040e-02
  1.59310990e-01  7.63841976e-01  1.57237970e+00  2.58427310e+00
  3.26959595e+00  3.20010384e+00  2.65311015e+00  2.33209161e+00
  2.46551182e+00  3.04934456e+00  3.39773575e+00  3.26219059e+00
  2.59499369e+00  1.68842489e+00  7.58949009e-01  2.14172127e-02
 -2.80412906e-01 -1.73083193e-01 -4.18278723e-02 -2.81994632e-03
 -1.87730138e-04 -4.72920176e-03 -2.27193409e-02 -1.12929663e-01
 -2.93897522e-01 -4.78759782e-01 -6.35202895e-01 -5.35086812e-01
 -1.80552455e-01  5.18131185e-01  1.30952156e+00  1.85183798e+00
  1.51908431e+00  8.88602632e-02 -1.88970355e+00 -3.44434475e+00
 -3.62097484e+00 -2.13386856e+00  1.62262747e-01  1.80999812e+00
  2.43821506e+00  2.13396842e+00  1.25612632e+00  1.65174561e-01
 -3.71689695e-01 -2.81083941e-01 -5.76291580e-02 -1.76945640e-03
 -5.51207638e-04 -1.16352743e-02 -7.36221680e-02 -2.63225613e-01
 -5.43610559e-01 -8.24366971e-01 -9.78788989e-01 -8.68982835e-01
 -4.67587842e-01  2.15705922e-01  7.48799599e-01  7.67708418e-01
 -6.08605129e-02 -2.08741134e+00 -4.91063296e+00 -7.22779803e+00
 -7.46925094e+00 -5.49172963e+00 -2.09742495e+00  1.03154915e+00
  2.70591824e+00  2.77224689e+00  1.91721600e+00  5.75884165e-01
 -2.51382637e-01 -2.74249765e-01 -4.77433688e-02 -7.14972226e-04
 -1.16632341e-03 -1.90446233e-02 -1.17938463e-01 -3.51938088e-01
 -6.63522186e-01 -9.59141233e-01 -1.05029420e+00 -8.11988765e-01
 -3.05121387e-01  3.88130062e-01  9.57559506e-01  1.00959670e+00
  2.91608812e-01 -2.05026474e+00 -5.66956199e+00 -8.35660736e+00
 -8.31648903e+00 -5.85618173e+00 -2.12304412e+00  1.44763502e+00
  3.50088347e+00  3.76918179e+00  2.75998851e+00  1.20986482e+00
  7.38538350e-02 -1.51046870e-01 -2.33344567e-02 -1.27416838e-03
 -1.59770330e-03 -2.36220433e-02 -1.20235162e-01 -3.38549335e-01
 -6.18938275e-01 -7.81220993e-01 -6.36361229e-01 -1.93817387e-01
  4.76678773e-01  1.34921250e+00  2.18199937e+00  2.59574461e+00
  1.71492679e+00 -1.63271297e+00 -6.10611844e+00 -8.58702813e+00
 -7.53966172e+00 -4.38690981e+00 -7.14273231e-01  2.41960182e+00
  4.32268214e+00  4.59934443e+00  3.55622792e+00  1.84201610e+00
  4.42595768e-01 -2.63141733e-02 -7.94058539e-03  1.07046121e-03
 -1.42195594e-03 -1.79422080e-02 -9.60659051e-02 -2.46765274e-01
 -4.50388566e-01 -4.05217499e-01  2.06902577e-02  6.87463769e-01
  1.51952368e+00  2.53692916e+00  3.42347475e+00  3.60193821e+00
  1.80197765e+00 -2.68048280e+00 -7.41072307e+00 -8.59034336e+00
 -5.96215739e+00 -2.31152118e+00  7.42836171e-01  3.24181988e+00
  4.76550558e+00  5.07764088e+00  4.03260312e+00  2.33777944e+00
  7.18499156e-01  4.35933345e-02  5.74374336e-03  1.91724396e-04
 -9.10690880e-04 -9.31860449e-03 -5.27401859e-02 -1.50891094e-01
 -2.71393871e-01  1.67878674e-02  8.04942893e-01  1.68361180e+00
  2.52815777e+00  3.30076714e+00  3.61722024e+00  2.91990663e+00
  3.49749235e-01 -4.54931235e+00 -8.45562103e+00 -7.85803606e+00
 -4.22939224e+00 -8.82587279e-01  1.39850565e+00  3.44571478e+00
  5.03095998e+00  5.39487286e+00  4.37371278e+00  2.69037258e+00
  9.62724082e-01  8.48580164e-02  1.17950446e-02  1.02253011e-03
 -1.27816264e-04 -1.84934157e-03 -2.52157523e-02 -8.69230479e-02
 -1.15154465e-01  5.35526180e-01  1.76022168e+00  2.99000187e+00
  3.75589689e+00  3.94486125e+00  3.40669087e+00  1.99510803e+00
 -7.69853334e-01 -5.17834412e+00 -7.34940322e+00 -5.80926517e+00
 -2.48253136e+00 -4.77349809e-01  9.56688758e-01  3.15878724e+00
  5.14283916e+00  5.66317118e+00  4.66870473e+00  2.96052424e+00
  1.15056606e+00  1.25339824e-01  1.78583286e-02  2.60425638e-03
 -4.51351182e-04 -1.01054734e-03 -1.07205891e-02 -4.19277288e-02
  1.02225051e-01  1.24627248e+00  3.03446994e+00  4.73600398e+00
  5.56516407e+00  5.39471309e+00  4.31951469e+00  2.70580640e+00
  3.52665043e-01 -2.93457754e+00 -3.84387842e+00 -2.73757673e+00
 -8.99419083e-01 -7.28444859e-01  3.38741059e-01  3.02691680e+00
  5.27525681e+00  5.77356449e+00  4.76490244e+00  3.06274530e+00
  1.26137477e+00  1.77704549e-01  2.14611496e-02  5.31236347e-04
 -1.75747363e-04 -8.78736814e-04 -6.63046869e-03 -7.00992322e-03
  3.54825937e-01  2.06012257e+00  4.38228046e+00  6.55601571e+00
  7.78127041e+00  7.71381937e+00  6.69928976e+00  5.38894139e+00
  3.53376421e+00  1.16397478e+00  1.97260438e-01 -2.81874804e-02
 -4.32098857e-02 -8.07095798e-01  4.34623228e-01  3.15653448e+00
  5.23255020e+00  5.61142956e+00  4.57277463e+00  2.93138613e+00
  1.24181888e+00  2.39479747e-01  3.29486363e-02  2.59626786e-03
 -1.59770330e-04 -9.50633462e-04 -1.24940398e-02 -6.34288209e-03
  5.68494788e-01  2.69931173e+00  5.36626598e+00  7.87372151e+00
  9.54779103e+00  9.90206177e+00  9.24348447e+00  8.04970453e+00
  6.11132296e+00  3.61632952e+00  1.65788479e+00  7.91474254e-01
  2.34770517e-01 -9.08933406e-02  1.46268139e+00  3.74170529e+00
  5.25506983e+00  5.21239517e+00  4.10433201e+00  2.57102814e+00
  1.14851301e+00  2.97580228e-01  4.40247144e-02  2.94776259e-03
  0.00000000e+00 -1.74549085e-03 -1.62087000e-02 -6.01135866e-03
  7.42892091e-01  2.95185271e+00  5.58000273e+00  8.22780052e+00
  1.01541234e+01  1.09948189e+01  1.05285332e+01  8.99616400e+00
  6.36677175e+00  3.13874005e+00  9.34057291e-01  3.98726829e-01
  7.00049677e-01  1.56949185e+00  3.24756761e+00  4.74078112e+00
  5.33845796e+00  4.69198326e+00  3.49014691e+00  2.12906746e+00
  1.01581576e+00  3.22688135e-01  4.66928789e-02  2.06503151e-03
 -4.55345440e-04 -1.27416838e-03 -3.23614803e-02 -2.26754041e-02
  7.57307369e-01  2.75128502e+00  5.06285014e+00  7.68306757e+00
  9.84841488e+00  1.10662762e+01  1.08074243e+01  8.78928139e+00
  5.49664257e+00  2.00459040e+00  3.02660924e-01  7.37368032e-01
  2.32045634e+00  3.91742070e+00  5.13634849e+00  5.52669536e+00
  5.09424901e+00  4.08114934e+00  2.90093790e+00  1.80966261e+00
  8.97945202e-01  2.93438182e-01  3.20659052e-02  9.94570303e-04
 -5.99138737e-05 -2.50439992e-03 -5.29758471e-02 -5.28879734e-02
  6.22756786e-01  2.17111901e+00  4.11530824e+00  6.54496760e+00
  8.88634985e+00  1.04664624e+01  1.03915661e+01  8.35959107e+00
  5.12486500e+00  2.04448105e+00  9.52450850e-01  2.10376384e+00
  4.16305959e+00  5.52254932e+00  5.82514235e+00  5.24740085e+00
  4.34022891e+00  3.32847132e+00  2.31616651e+00  1.45214055e+00
  7.13066965e-01  2.35621294e-01  3.21777444e-02  3.51494726e-04
  0.00000000e+00 -2.50839418e-03 -5.58557073e-02 -9.80510514e-02
  3.78755538e-01  1.41241365e+00  2.95466067e+00  4.92851525e+00
  6.95518591e+00  8.48905297e+00  8.65649627e+00  7.18809110e+00
  4.72343405e+00  2.32506172e+00  1.68502977e+00  2.83105435e+00
  4.28924620e+00  4.87357822e+00  4.63096298e+00  3.91565524e+00
  3.10574349e+00  2.36874692e+00  1.64380103e+00  1.05033015e+00
  5.35538163e-01  1.56071647e-01  2.32505772e-02 -4.03420083e-04
 -1.27816264e-04 -1.56574923e-03 -4.37690819e-02 -1.06486925e-01
  1.03063846e-01  7.07786555e-01  1.64024215e+00  2.88518454e+00
  4.10003419e+00  4.97902664e+00  4.99759994e+00  4.03846270e+00
  2.51095849e+00  1.04902802e+00  6.14061286e-01  1.28602334e+00
  2.03585745e+00  2.40154777e+00  2.44591599e+00  2.19820408e+00
  1.82761280e+00  1.42096935e+00  1.05724421e+00  6.87096298e-01
  3.35625538e-01  8.75261809e-02  1.08763652e-02  1.55776072e-04
 -1.23822006e-04 -2.35661236e-04 -3.19021406e-02 -9.49834611e-02
 -1.33911502e-01  7.54755038e-02  4.68486550e-01  8.90655681e-01
  1.06071921e+00  8.44969355e-01  3.19037383e-01 -6.26355613e-01
 -1.65467340e+00 -2.45037758e+00 -2.56435374e+00 -1.84094564e+00
 -9.00213941e-01  6.80222179e-03  6.23603569e-01  8.79339947e-01
  8.68890967e-01  7.65144104e-01  5.79838481e-01  3.52896710e-01
  1.53731011e-01  3.01286899e-02  1.39000187e-03  2.87586594e-04
  0.00000000e+00  0.00000000e+00 -1.44512263e-02 -6.54818697e-02
 -1.98882107e-01 -3.24142045e-01 -4.52082131e-01 -6.76667289e-01
 -1.18073869e+00 -1.91684853e+00 -2.81388304e+00 -3.57233676e+00
 -4.08038644e+00 -4.35118516e+00 -4.07986319e+00 -3.10833177e+00
 -1.95300855e+00 -9.37724020e-01 -2.45151594e-01  9.36733444e-02
  2.61140610e-01  2.78463708e-01  1.93425950e-01  1.05044998e-01
  3.00687761e-02  4.09810896e-03 -1.12238657e-03  0.00000000e+00
  0.00000000e+00  0.00000000e+00 -3.79853959e-03 -2.86548087e-02
 -1.10992448e-01 -2.71933096e-01 -5.40994320e-01 -9.97322347e-01
 -1.62363802e+00 -2.42868077e+00 -3.27271546e+00 -3.85316906e+00
 -4.05932871e+00 -3.93541084e+00 -3.34382125e+00 -2.54507745e+00
 -1.81056930e+00 -1.22598564e+00 -6.91378143e-01 -3.52221681e-01
 -1.59730387e-01 -6.40479310e-02 -1.49065718e-02 -9.82587528e-03
 -6.67041127e-04  2.17687074e-03  3.19540660e-04  0.00000000e+00
  0.00000000e+00  0.00000000e+00 -3.75460275e-04 -4.26187355e-03
 -3.00887474e-02 -1.08755664e-01 -2.97021032e-01 -6.62715345e-01
 -1.25154490e+00 -1.94926992e+00 -2.69670748e+00 -3.25114248e+00
 -3.49460450e+00 -3.30179766e+00 -2.77817437e+00 -2.24024764e+00
 -1.79185221e+00 -1.35179280e+00 -8.99347187e-01 -5.48619359e-01
 -3.04186731e-01 -1.57569494e-01 -6.53021281e-02 -2.14851151e-02
 -6.65443424e-03 -1.59770330e-04  4.15402858e-04  0.00000000e+00
  0.00000000e+00  0.00000000e+00  0.00000000e+00 -1.51781813e-04
 -7.95256817e-03 -3.70627223e-02 -1.26933533e-01 -2.85194033e-01
 -5.47089558e-01 -8.28425137e-01 -1.14086001e+00 -1.40918230e+00
 -1.51862098e+00 -1.47702078e+00 -1.31278087e+00 -1.05064170e+00
 -8.37404230e-01 -6.08952629e-01 -3.97620420e-01 -2.37898021e-01
 -1.28691006e-01 -5.69661111e-02 -1.73510578e-02 -2.75603819e-03
 -9.98564561e-05 -2.35661236e-04  0.00000000e+00  0.00000000e+00
  0.00000000e+00  0.00000000e+00  0.00000000e+00  0.00000000e+00
 -6.07127253e-04 -3.73463146e-03 -9.97765710e-03 -2.13772701e-02
 -3.07278287e-02 -4.71482243e-02 -8.05282405e-02 -1.03043874e-01
 -1.26054796e-01 -1.41560506e-01 -1.64890969e-01 -1.41892030e-01
 -1.15689696e-01 -8.23256567e-02 -4.80349497e-02 -2.12973850e-02
 -1.09362791e-02 -4.62135679e-03 -3.62279223e-03 -4.79310989e-04
  0.00000000e+00  0.00000000e+00  0.00000000e+00  0.00000000e+00]
