[ 0.00000000e+00  0.00000000e+00  0.00000000e+00  0.00000000e+00
  0.00000000e+00  0.00000000e+00  0.00000000e+00  0.00000000e+00
  0.00000000e+00  0.00000000e+00  0.00000000e+00  0.00000000e+00
 -4.93024976e-04 -1.83906142e-03 -8.45185674e-04 -3.52160697e-05
  0.00000000e+00  0.00000000e+00  0.00000000e+00  0.00000000e+00
  0.00000000e+00  0.00000000e+00  0.00000000e+00  0.00000000e+00
  0.00000000e+00  0.00000000e+00  0.00000000e+00  0.00000000e+00
  0.00000000e+00  0.00000000e+00  0.00000000e+00  0.00000000e+00
 -6.26063462e-05 -2.15209315e-04 -2.17948343e-03 -5.70109040e-03
 -1.02635279e-02 -1.50490005e-02 -2.82041590e-02 -3.77359752e-02
 -4.08936828e-02 -4.16566976e-02 -4.44465929e-02 -4.08858570e-02
 -4.38870487e-02 -3.60729941e-02 -2.35047701e-02 -1.67237202e-02
 -1.26347432e-02 -5.01633349e-03 -2.36730247e-03 -8.29534087e-04
  0.00000000e+00  0.00000000e+00  0.00000000e+00  0.00000000e+00
  0.00000000e+00  0.00000000e+00 -2.50425385e-04 -1.64341659e-04
 -1.63167790e-03 -1.28734299e-03 -1.10578459e-02 -3.24926937e-02
 -6.20233246e-02 -1.18940319e-01 -2.03501928e-01 -3.02877764e-01
 -4.39109174e-01 -5.93965971e-01 -7.51655705e-01 -8.51184144e-01
 -8.73824164e-01 -7.95996650e-01 -6.56349282e-01 -4.79881557e-01
 -2.82225496e-01 -1.48717462e-01 -6.95321732e-02 -2.20648241e-02
 -8.26795059e-03 -2.02688046e-03  0.00000000e+00  0.00000000e+00
  0.00000000e+00  0.00000000e+00 -7.59101948e-04 -1.37342672e-03
 -2.82119848e-03 -1.63793853e-02 -4.97916097e-02 -1.28209971e-01
 -2.70416374e-01 -5.18709230e-01 -8.50914154e-01 -1.27059580e+00
 -1.72833036e+00 -2.25749876e+00 -2.76436365e+00 -3.07171777e+00
 -3.04168629e+00 -2.73297440e+00 -2.20693631e+00 -1.59139463e+00
 -9.70136202e-01 -5.18568366e-01 -2.40408369e-01 -9.11313627e-02
 -3.61434262e-02 -6.19020248e-03 -6.57366635e-04  0.00000000e+00
  0.00000000e+00 -1.48690072e-04 -9.74311263e-04 -3.36900400e-03
 -1.89892874e-02 -9.59872674e-02 -2.43413474e-01 -5.56840408e-01
 -1.08624750e+00 -1.88764003e+00 -2.94580858e+00 -4.22274327e+00
 -5.73057408e+00 -7.29020381e+00 -8.49043790e+00 -9.05542887e+00
 -8.81613176e+00 -7.79749912e+00 -6.27285460e+00 -4.61651371e+00
 -2.97497140e+00 -1.74091032e+00 -9.30557253e-01 -4.41386479e-01
 -1.75180382e-01 -3.65268901e-02 -2.78989530e-03 -1.56515865e-05
  0.00000000e+00  0.00000000e+00 -2.42208302e-03 -1.48729201e-02
 -9.24617475e-02 -3.38786417e-01 -8.16296758e-01 -1.60336809e+00
 -2.80380565e+00 -4.41307048e+00 -6.27548015e+00 -8.28371957e+00
 -1.04385009e+01 -1.25543606e+01 -1.40419383e+01 -1.46094061e+01
 -1.41225205e+01 -1.26233137e+01 -1.04261909e+01 -7.97226865e+00
 -5.60345580e+00 -3.56697310e+00 -2.10555707e+00 -1.16531931e+00
 -5.37385485e-01 -1.36020113e-01 -1.97914312e-02 -7.35624568e-04
  0.00000000e+00 -4.30418630e-05 -6.45627945e-03 -5.19867447e-02
 -2.56971661e-01 -7.42268666e-01 -1.61258296e+00 -2.95814986e+00
 -4.71918421e+00 -6.81635594e+00 -8.95437440e+00 -1.08729576e+01
 -1.25883441e+01 -1.40587872e+01 -1.50808554e+01 -1.54931260e+01
 -1.52127708e+01 -1.42536573e+01 -1.26383235e+01 -1.02513196e+01
 -7.65234631e+00 -5.16534051e+00 -3.15989881e+00 -1.76562418e+00
 -8.63278908e-01 -2.89941728e-01 -5.72065488e-02 -4.57808907e-03
 -1.83906142e-04 -4.63286962e-03 -2.52773123e-02 -1.38755228e-01
 -5.15657170e-01 -1.27626950e+00 -2.52130234e+00 -4.22501275e+00
 -6.26085765e+00 -8.47083037e+00 -1.03491694e+01 -1.17376686e+01
 -1.27214961e+01 -1.37061452e+01 -1.46231325e+01 -1.51816085e+01
 -1.54276554e+01 -1.52725129e+01 -1.41703987e+01 -1.21732719e+01
 -9.33984167e+00 -6.44121871e+00 -3.94716970e+00 -2.10792829e+00
 -9.95965233e-01 -4.01267550e-01 -7.64110455e-02 -3.74464208e-03
 -9.54746780e-04 -1.19304218e-02 -7.73188376e-02 -2.97524922e-01
 -8.02949867e-01 -1.71522607e+00 -3.11661826e+00 -5.00298269e+00
 -7.10532336e+00 -9.13519718e+00 -1.06314693e+01 -1.17406816e+01
 -1.26638904e+01 -1.39038639e+01 -1.52418319e+01 -1.60632350e+01
 -1.62967645e+01 -1.60868024e+01 -1.49885540e+01 -1.28578018e+01
 -1.00105904e+01 -6.92045855e+00 -4.13881555e+00 -2.05435682e+00
 -8.67567442e-01 -3.44816190e-01 -5.99494894e-02 -7.00408498e-04
 -1.14256582e-03 -1.86566912e-02 -1.19957672e-01 -3.83459958e-01
 -9.08484603e-01 -1.82897397e+00 -3.24826375e+00 -5.14824897e+00
 -7.14075463e+00 -8.92245299e+00 -1.03378338e+01 -1.15627348e+01
 -1.26992786e+01 -1.40998061e+01 -1.53470928e+01 -1.61767638e+01
 -1.60444140e+01 -1.53782785e+01 -1.40469859e+01 -1.19610246e+01
 -9.30707116e+00 -6.54422572e+00 -3.97445041e+00 -1.83167778e+00
 -6.10756210e-01 -1.93375352e-01 -3.09510124e-02 -1.24821403e-03
 -1.56515865e-03 -2.31408707e-02 -1.22739742e-01 -3.67988364e-01
 -7.99706076e-01 -1.61482896e+00 -2.98939434e+00 -4.79230451e+00
 -6.73379382e+00 -8.56661417e+00 -1.00574982e+01 -1.12530016e+01
 -1.20857482e+01 -1.30252386e+01 -1.41826773e+01 -1.48440547e+01
 -1.42813332e+01 -1.32844719e+01 -1.18004472e+01 -1.00071236e+01
 -8.04058782e+00 -5.90396235e+00 -3.75063273e+00 -1.77623595e+00
 -4.86240014e-01 -7.03851847e-02 -1.45638013e-02  1.04865630e-03
 -1.39299120e-03 -1.79367182e-02 -9.72237427e-02 -2.67415182e-01
 -5.95844161e-01 -1.32914056e+00 -2.73122533e+00 -4.64393138e+00
 -6.79990612e+00 -8.93532642e+00 -1.05432569e+01 -1.12443541e+01
 -1.11024686e+01 -1.16710046e+01 -1.30922156e+01 -1.35643731e+01
 -1.26378579e+01 -1.14052837e+01 -1.01113084e+01 -8.77275339e+00
 -7.30412198e+00 -5.68606879e+00 -3.87422157e+00 -2.06285954e+00
 -5.69361677e-01 -2.68111678e-02 -9.39095193e-04 -8.37359880e-04
 -8.92140433e-04 -1.02557021e-02 -5.34579939e-02 -1.51644309e-01
 -4.04100487e-01 -1.25642720e+00 -2.93667197e+00 -5.26015390e+00
 -7.85564085e+00 -1.02568994e+01 -1.17239266e+01 -1.14873489e+01
 -1.02540156e+01 -1.09985381e+01 -1.29201656e+01 -1.32620001e+01
 -1.23289738e+01 -1.13919368e+01 -1.04640990e+01 -9.24447264e+00
 -7.72958297e+00 -6.09808898e+00 -4.32425164e+00 -2.48126167e+00
 -8.24646879e-01 -5.16463227e-02 -3.76811946e-03 -8.53011467e-04
 -1.25212692e-04 -4.28462182e-03 -2.64003136e-02 -8.44794384e-02
 -3.56824870e-01 -1.50132366e+00 -3.61744946e+00 -6.37909757e+00
 -9.25184063e+00 -1.16478364e+01 -1.24976706e+01 -1.11369647e+01
 -9.52883458e+00 -1.10840740e+01 -1.32384015e+01 -1.38322853e+01
 -1.33058637e+01 -1.30694308e+01 -1.24889096e+01 -1.09506325e+01
 -8.97481537e+00 -6.98127279e+00 -4.90792277e+00 -2.92204556e+00
 -1.10707976e+00 -1.07839431e-01 -1.25408337e-02 -2.15209315e-03
 -4.42157320e-04 -1.93688384e-03 -1.11674070e-02 -5.78052220e-02
 -4.27706993e-01 -2.01260621e+00 -4.56436262e+00 -7.61349907e+00
 -1.04294151e+01 -1.23181860e+01 -1.21959706e+01 -1.02293057e+01
 -9.24698472e+00 -1.17139565e+01 -1.40377632e+01 -1.51927994e+01
 -1.45879204e+01 -1.47742877e+01 -1.45171713e+01 -1.29250528e+01
 -1.05623323e+01 -8.02229112e+00 -5.52327273e+00 -3.24956283e+00
 -1.28711213e+00 -1.75587324e-01 -2.02257627e-02 -5.20415253e-04
 -1.72167452e-04 -9.07792020e-04 -1.01265765e-02 -7.78470786e-02
 -6.09918850e-01 -2.68572226e+00 -5.58363698e+00 -8.56255258e+00
 -1.09433937e+01 -1.19507259e+01 -1.10897438e+01 -9.33300193e+00
 -9.48884086e+00 -1.25802366e+01 -1.52404037e+01 -1.57390359e+01
 -1.45795624e+01 -1.50323707e+01 -1.51936290e+01 -1.40443877e+01
 -1.17005861e+01 -8.80943288e+00 -5.91961394e+00 -3.32581345e+00
 -1.31691275e+00 -2.40948349e-01 -3.39913331e-02 -2.54338281e-03
 -1.56515865e-04 -9.31269400e-04 -1.73419579e-02 -1.20587649e-01
 -9.07205085e-01 -3.38745723e+00 -6.41697440e+00 -9.11612572e+00
 -1.08208613e+01 -1.09701188e+01 -9.53874595e+00 -8.38754828e+00
 -9.66893585e+00 -1.31544307e+01 -1.56141753e+01 -1.49233378e+01
 -1.35220121e+01 -1.41005456e+01 -1.49949086e+01 -1.43915438e+01
 -1.21467816e+01 -8.99594501e+00 -5.82903429e+00 -3.13935219e+00
 -1.25065959e+00 -2.93029003e-01 -4.46852796e-02 -2.88771772e-03
  0.00000000e+00 -1.70993583e-03 -2.57859888e-02 -2.11566408e-01
 -1.31987482e+00 -4.03031484e+00 -6.94962529e+00 -9.25700174e+00
 -1.02482519e+01 -9.69055460e+00 -8.36404742e+00 -8.07947419e+00
 -9.93445719e+00 -1.34068790e+01 -1.50521856e+01 -1.38595621e+01
 -1.28945752e+01 -1.37815232e+01 -1.49850442e+01 -1.44685418e+01
 -1.19790944e+01 -8.59791734e+00 -5.34765019e+00 -2.77069863e+00
 -1.12729378e+00 -3.26374709e-01 -4.85903504e-02 -2.08557391e-03
 -4.69547596e-05 -1.24821403e-03 -4.12028016e-02 -3.49973388e-01
 -1.73040419e+00 -4.49654430e+00 -7.32601464e+00 -9.30356130e+00
 -9.80587940e+00 -9.29184608e+00 -8.75993474e+00 -9.31965504e+00
 -1.15304769e+01 -1.44641633e+01 -1.52817396e+01 -1.44354700e+01
 -1.41059219e+01 -1.50194698e+01 -1.55565462e+01 -1.42352119e+01
 -1.12150152e+01 -7.76911105e+00 -4.69771023e+00 -2.39691527e+00
 -1.00011682e+00 -2.96491917e-01 -3.58343074e-02 -2.86032744e-03
 -5.86934496e-05 -2.86032744e-03 -6.72196513e-02 -4.72627046e-01
 -1.98490682e+00 -4.73236675e+00 -7.60587283e+00 -9.59416430e+00
 -1.03970398e+01 -1.06222896e+01 -1.11881767e+01 -1.26252114e+01
 -1.48770130e+01 -1.69044843e+01 -1.72899829e+01 -1.67082917e+01
 -1.63667662e+01 -1.63920083e+01 -1.54533944e+01 -1.30122047e+01
 -9.72899098e+00 -6.50206034e+00 -3.77728347e+00 -1.87209801e+00
 -7.96340985e-01 -2.43773461e-01 -3.44413162e-02 -1.60428762e-03
  0.00000000e+00 -3.58421332e-03 -7.73423149e-02 -5.23443835e-01
 -1.92171354e+00 -4.39985271e+00 -7.39252214e+00 -9.84685134e+00
 -1.16518784e+01 -1.30592690e+01 -1.46131155e+01 -1.66934031e+01
 -1.86451638e+01 -1.99215859e+01 -1.98453548e+01 -1.88787363e+01
 -1.76204740e+01 -1.59765135e+01 -1.36157416e+01 -1.04889459e+01
 -7.39866148e+00 -4.69278389e+00 -2.61454667e+00 -1.30292415e+00
 -5.85694107e-01 -1.65006851e-01 -2.62203204e-02 -3.95202560e-04
 -1.25212692e-04 -2.98162724e-03 -6.64879397e-02 -4.28650001e-01
 -1.48630205e+00 -3.46981979e+00 -6.24582039e+00 -9.18794694e+00
 -1.19289741e+01 -1.43673113e+01 -1.65520223e+01 -1.86877870e+01
 -2.02212394e+01 -2.07643808e+01 -2.01024986e+01 -1.83912637e+01
 -1.58489218e+01 -1.28723656e+01 -9.79602282e+00 -7.03476600e+00
 -4.63459912e+00 -2.80991759e+00 -1.51644700e+00 -7.90902059e-01
 -3.58331335e-01 -9.69498400e-02 -1.38633928e-02 -1.52602969e-04
 -1.21299796e-04 -2.30860902e-04 -4.39222648e-02 -2.50910584e-01
 -8.76050602e-01 -2.14290567e+00 -4.19933632e+00 -6.88024963e+00
 -9.89491345e+00 -1.26867926e+01 -1.49329048e+01 -1.64162996e+01
 -1.71283177e+01 -1.69827109e+01 -1.59685077e+01 -1.38694500e+01
 -1.09409246e+01 -7.95887480e+00 -5.50220960e+00 -3.65954832e+00
 -2.27973575e+00 -1.33092092e+00 -7.34114190e-01 -3.86042469e-01
 -1.61039174e-01 -3.78964039e-02 -4.18679940e-03 -2.81728558e-04
  0.00000000e+00  0.00000000e+00 -1.50646521e-02 -9.58972708e-02
 -3.79464890e-01 -9.49487846e-01 -1.97604019e+00 -3.64066859e+00
 -5.80411306e+00 -8.10488063e+00 -1.00253890e+01 -1.11197479e+01
 -1.12825362e+01 -1.07434368e+01 -9.68058454e+00 -7.82999573e+00
 -5.48851055e+00 -3.46573864e+00 -2.07529082e+00 -1.24963050e+00
 -7.37138859e-01 -4.13241014e-01 -2.28724460e-01 -1.13376180e-01
 -4.21810258e-02 -1.00091896e-02 -2.25774136e-03  0.00000000e+00
  0.00000000e+00  0.00000000e+00 -3.72116470e-03 -2.86893581e-02
 -1.17402551e-01 -2.88407872e-01 -6.09687990e-01 -1.14174020e+00
 -1.86911638e+00 -2.74966681e+00 -3.51502157e+00 -3.98299618e+00
 -4.00390670e+00 -3.79195292e+00 -3.30735632e+00 -2.49002656e+00
 -1.46555587e+00 -7.25063660e-01 -2.74556218e-01 -8.37516396e-02
 -4.67982438e-03 -6.05325110e-03 -7.19972981e-03  2.41817012e-03
 -6.07672848e-03 -3.29074607e-03 -4.53896010e-04  0.00000000e+00
  0.00000000e+00  0.00000000e+00 -8.60837260e-05 -4.17506071e-03
 -2.18691793e-02 -6.29976359e-02 -1.85518255e-01 -4.03940059e-01
 -7.07749092e-01 -1.00001899e+00 -1.20758251e+00 -1.28292142e+00
 -1.21563916e+00 -1.10304556e+00 -8.98628016e-01 -5.70559023e-01
 -1.62960406e-01  1.28734299e-01  2.40838788e-01  2.20984750e-01
  1.70203178e-01  8.76058428e-02  2.99845269e-02  1.38242638e-02
  5.16502356e-04  1.56515865e-04 -4.06941250e-04  0.00000000e+00
  0.00000000e+00  0.00000000e+00  0.00000000e+00  1.48690072e-04
 -8.72575950e-04 -2.07031361e-02 -8.67841345e-02 -2.13248954e-01
 -3.85244238e-01 -5.32474800e-01 -6.89088488e-01 -7.70519780e-01
 -7.56820729e-01 -7.05174406e-01 -5.88088800e-01 -4.35168887e-01
 -2.32066074e-01 -9.05561669e-02 -3.79550974e-03  3.95672108e-02
  5.34306036e-02  1.70680551e-02  1.23647534e-03  5.00850770e-04
  9.78224159e-05 -2.30860902e-04  0.00000000e+00  0.00000000e+00
  0.00000000e+00  0.00000000e+00  0.00000000e+00  0.00000000e+00
 -5.94760289e-04 -3.65855836e-03 -9.45355828e-03 -1.91184130e-02
 -2.82863298e-02 -4.31749015e-02 -7.19464305e-02 -9.35104038e-02
 -1.12624904e-01 -1.31007692e-01 -1.43298101e-01 -1.29149066e-01
 -1.03887406e-01 -7.39341820e-02 -3.95124302e-02 -1.21221538e-02
 -1.94079673e-03 -6.29976359e-04 -1.95253542e-03 -4.69547596e-04
  0.00000000e+00  0.00000000e+00  0.00000000e+00  0.00000000e+00]
[ 0.00000000e+00  0.00000000e+00  0.00000000e+00  0.00000000e+00
  0.00000000e+00  0.00000000e+00  0.00000000e+00  0.00000000e+00
  0.00000000e+00  0.00000000e+00  0.00000000e+00  0.00000000e+00
  4.15270121e-01  1.48870421e-01 -8.46210812e-01 -3.52587838e-02
  0.00000000e+00  0.00000000e+00  0.00000000e+00  0.00000000e+00
  0.00000000e+00  0.00000000e+00  0.00000000e+00  0.00000000e+00
  0.00000000e+00  0.00000000e+00  0.00000000e+00  0.00000000e+00
  0.00000000e+00  0.00000000e+00  0.00000000e+00  0.00000000e+00
  6.26822824e-02  2.15470346e-01  2.18212695e+00  5.58264077e+00
  8.08993207e+00  1.22778921e+01  2.34745147e+01  3.11766002e+01
  3.58738537e+01  3.64967589e+01  3.35075976e+01  2.75292749e+01
  2.57467475e+01  2.85321914e+01  2.29691388e+01  1.67440047e+01
  1.26500681e+01  5.02241787e+00  2.37017380e+00  8.30540241e-01
  0.00000000e+00  0.00000000e+00  0.00000000e+00  0.00000000e+00
  0.00000000e+00  0.00000000e+00  2.50729129e-01 -6.26822824e-02
  1.55530413e+00  9.36316593e-01  6.82453349e+00  1.89457198e+01
  3.33352213e+01  6.16206012e+01  1.17004315e+02  1.79353598e+02
  2.82105529e+02  4.11779501e+02  5.43710035e+02  6.38258422e+02
  7.09872930e+02  6.92925208e+02  6.04061320e+02  4.55492558e+02
  2.74959749e+02  1.47158411e+02  6.95224864e+01  2.02659654e+01
  5.55129963e+00  7.36516818e-01  0.00000000e+00  0.00000000e+00
  0.00000000e+00  0.00000000e+00  3.44752553e-01  5.21046472e-01
  9.91163590e-01 -5.21830001e+00 -1.10673405e+01 -2.05754592e+01
 -5.98028150e+01 -1.10367829e+02 -1.38739397e+02 -1.86981248e+02
 -1.73312593e+02 -5.40634685e+01  2.46564675e+02  5.57535396e+02
  8.12045050e+02  9.89725815e+02  1.02219132e+03  8.40111042e+02
  5.67623326e+02  3.44588012e+02  1.82695347e+02  7.91755579e+01
  3.19327052e+01  4.34074805e+00  6.58163965e-01  0.00000000e+00
  0.00000000e+00 -1.48870421e-01 -1.05384587e+00 -1.14003401e+00
 -9.68049498e+00 -5.55325845e+01 -1.47655951e+02 -3.41238428e+02
 -6.63080606e+02 -1.10743531e+03 -1.68326218e+03 -2.43421159e+03
 -3.29644948e+03 -4.12891328e+03 -4.57100358e+03 -4.55606953e+03
 -3.98059916e+03 -3.08207607e+03 -2.07515572e+03 -1.25344977e+03
 -4.84663325e+02  7.14969783e+01  3.05529115e+02  3.00111015e+02
  1.49998702e+02  3.34762564e+01  2.79327921e+00  1.56705706e-02
  0.00000000e+00  0.00000000e+00  5.09293544e-02 -1.09811523e+01
 -5.76285233e+01 -2.10322563e+02 -5.16717477e+02 -1.02981897e+03
 -1.77880956e+03 -2.75448279e+03 -4.03691920e+03 -5.69249931e+03
 -7.53977359e+03 -9.57641497e+03 -1.10786311e+04 -1.17505578e+04
 -1.12293820e+04 -9.65319293e+03 -7.26083744e+03 -4.72837529e+03
 -2.35144747e+03 -5.43071459e+02  4.90437930e+02  7.44324680e+02
  4.71468704e+02  1.32463333e+02  1.94001664e+01  7.36516818e-01
  0.00000000e+00 -4.30940691e-02  1.99799775e+00 -2.99151193e+01
 -1.32255698e+02 -3.73986002e+02 -8.64294650e+02 -1.63616428e+03
 -2.69306983e+03 -3.93070015e+03 -5.50514197e+03 -7.46562045e+03
 -9.66594486e+03 -1.22131099e+04 -1.44207368e+04 -1.57896160e+04
 -1.57204030e+04 -1.41435518e+04 -1.13642547e+04 -7.79080438e+03
 -4.40887194e+03 -1.57318817e+03  2.61659352e+02  9.52167375e+02
  7.58941404e+02  2.86391430e+02  5.60771369e+01  4.01166607e+00
  1.84129204e-01  6.65999250e-01  1.61563583e+01  6.56988672e+00
 -8.36495058e+01 -2.76209477e+02 -7.13861090e+02 -1.35144568e+03
 -2.19968191e+03 -3.26539041e+03 -4.65870001e+03 -6.37491740e+03
 -8.30705958e+03 -1.04107318e+04 -1.24738878e+04 -1.40478517e+04
 -1.44536685e+04 -1.35311616e+04 -1.14143496e+04 -8.44204979e+03
 -5.27607740e+03 -2.44625050e+03 -3.85398095e+02  7.25519995e+02
  7.93448001e+02  3.91772100e+02  7.57515382e+01  2.54255008e+00
  5.40634685e-01  9.86854183e+00  6.65215722e+01  1.34324213e+02
  1.48956609e+02  1.37830504e+02 -9.35102124e+01 -3.53010944e+02
 -8.49638749e+02 -1.59135428e+03 -2.70010591e+03 -3.61326140e+03
 -4.51841707e+03 -5.64795179e+03 -7.19091535e+03 -9.02716147e+03
 -1.00831699e+04 -1.00564476e+04 -9.25179518e+03 -7.67152783e+03
 -5.52173710e+03 -3.26869298e+03 -1.35830547e+03  3.06751419e+01
  5.16243442e+02  3.38574431e+02  6.00222030e+01  7.01258034e-01
  1.14395165e+00  1.63914168e+01  1.08671489e+02  2.51030788e+02
  3.96320483e+02  5.24572350e+02  4.65482546e+02  3.92998322e+02
  1.20812264e+02 -5.02194776e+02 -1.11907462e+03 -1.09640714e+03
 -9.99488580e+02 -1.81467166e+03 -3.95244698e+03 -6.42678699e+03
 -7.67399203e+03 -7.86915723e+03 -7.53955812e+03 -6.82438070e+03
 -5.67191210e+03 -4.07937861e+03 -2.38823805e+03 -8.65481696e+02
  5.55521727e+01  1.84951909e+02  2.99229545e+01  1.24972800e+00
  1.56705706e+00  2.13041407e+01  1.14982812e+02  2.67147970e+02
  4.69525554e+02  5.75203964e+02  5.31016873e+02  4.22141666e+02
  1.04769517e+02 -2.37040886e+02 -2.59316602e+02  2.33652125e+02
  3.01360743e+02 -1.52695215e+03 -5.07966247e+03 -7.88703344e+03
 -8.34403429e+03 -7.48341047e+03 -6.60529046e+03 -6.04272089e+03
 -5.44946443e+03 -4.45991099e+03 -3.11125467e+03 -1.56168989e+03
 -3.27420902e+02  4.79519460e+01  1.03974236e+01 -1.34766907e+00
  1.39468078e+00  1.66108048e+01  9.25072958e+01  2.08457765e+02
  3.49183407e+02  3.15526939e+02  1.88101694e+02 -3.86475447e+01
 -2.04293311e+02 -1.31139170e+02  2.11345068e+02  3.99047162e+02
 -7.46099372e+02 -4.18206002e+03 -8.58452662e+03 -1.07406443e+04
 -9.46512649e+03 -7.04266392e+03 -5.26480242e+03 -4.74167960e+03
 -4.56792040e+03 -4.08526682e+03 -3.14490331e+03 -1.80896757e+03
 -5.27036548e+02 -1.53649945e+01 -3.56505481e+00  1.25364565e-01
  8.93222524e-01  1.00409181e+01  5.23318705e+01  1.25830764e+02
  1.78989257e+02  8.98315459e+00 -2.25056817e+02 -3.59012772e+02
 -2.16802344e+02  1.42743228e+02  3.59761042e+02 -4.01887453e+02
 -3.00003280e+03 -7.65601005e+03 -1.18596445e+04 -1.24063241e+04
 -9.09895227e+03 -5.16403282e+03 -3.09573297e+03 -2.72404271e+03
 -2.96070358e+03 -3.11169345e+03 -2.69393563e+03 -1.72217220e+03
 -5.38671946e+02 -1.77038271e+01 -6.01358146e+00 -6.73834535e-01
 -1.25364565e-01  3.79619573e+00  2.46380546e+01  6.65607486e+01
  6.03003556e+01 -2.71226236e+02 -5.47584583e+02 -5.27647700e+02
 -1.19096336e+02  4.02024571e+02  2.46329617e+02 -1.60353031e+03
 -5.24985270e+03 -1.04921718e+04 -1.33418141e+04 -1.19341738e+04
 -6.75415304e+03 -2.45741579e+03 -8.89861186e+02 -7.97498843e+02
 -1.44310285e+03 -2.06501295e+03 -2.02285128e+03 -1.40185399e+03
 -4.47712119e+02 -5.48469971e+00 -9.83720069e+00 -2.23305631e+00
  4.42693619e-01  6.85587463e-01  1.03817530e+01  3.74800872e+01
 -4.29726222e+01 -5.61092615e+02 -8.34904495e+02 -7.45445125e+02
 -1.87800036e+02  3.69359266e+02 -1.70248997e+02 -2.48380894e+03
 -6.51967429e+03 -1.13769557e+04 -1.24722972e+04 -9.27023161e+03
 -3.44308292e+03 -3.37077891e+02  3.87215882e+02  1.70484055e+02
 -5.94173190e+02 -1.31695475e+03 -1.39360735e+03 -1.01864585e+03
 -3.51244087e+02  9.15944851e+00 -1.71788630e+01 -5.21046472e-01
  1.72376276e-01 -8.61881382e-01 -2.11552703e-01  1.66147225e+01
 -2.26933368e+02 -9.87469253e+02 -1.35788237e+03 -1.31779313e+03
 -6.84921464e+02 -1.20925876e+02 -7.25688453e+02 -3.04185363e+03
 -6.98386010e+03 -1.03469408e+04 -9.78635752e+03 -5.75264688e+03
 -1.10134337e+03  3.35624446e+02  3.02912129e+02 -1.35801165e+02
 -7.07878850e+02 -1.08569631e+03 -1.14577336e+03 -8.29247419e+02
 -3.01309814e+02 -3.06359655e+00 -2.61032530e+01 -2.49945601e+00
  1.56705706e-01 -9.32398950e-01 -1.47695128e+01 -4.34701628e+01
 -5.04843102e+02 -1.61686597e+03 -2.28012679e+03 -2.36950780e+03
 -1.76677456e+03 -1.14178911e+03 -1.70722640e+03 -3.95510706e+03
 -6.98208149e+03 -8.56326949e+03 -6.97520995e+03 -3.29828293e+03
 -7.20152824e+02 -5.79552547e+02 -1.01288300e+03 -1.35655820e+03
 -1.58166987e+03 -1.57948382e+03 -1.33430207e+03 -9.12814654e+02
 -3.58632761e+02 -8.48718103e+01 -3.50393958e+01 -2.80503214e+00
  0.00000000e+00 -1.21055158e+00 -2.30670799e+01 -1.59052374e+02
 -9.12967443e+02 -2.35577255e+03 -3.39044548e+03 -3.74653177e+03
 -3.25730831e+03 -2.63683990e+03 -3.06489329e+03 -4.85398275e+03
 -6.77324763e+03 -7.01258426e+03 -5.06668724e+03 -2.55596800e+03
 -1.52761423e+03 -2.08549830e+03 -2.60167906e+03 -2.81718075e+03
 -2.71858152e+03 -2.35020166e+03 -1.82066566e+03 -1.11783665e+03
 -5.23604693e+02 -1.91525714e+02 -4.19266116e+01 -2.00191539e+00
  2.35058559e-02 -9.20646022e-01 -3.73743109e+01 -3.01693743e+02
 -1.32769301e+03 -3.05753204e+03 -4.41608432e+03 -5.14739067e+03
 -4.99514716e+03 -4.44911788e+03 -4.53673988e+03 -5.32912620e+03
 -5.88034244e+03 -5.38706422e+03 -3.87473663e+03 -2.61914391e+03
 -2.54842654e+03 -3.22165384e+03 -3.90297891e+03 -4.13030796e+03
 -3.75225936e+03 -3.07738665e+03 -2.26639937e+03 -1.35716544e+03
 -6.61920984e+02 -2.35987040e+02 -3.14665057e+01 -2.83245563e+00
 -5.87646397e-02 -1.31241029e+00 -5.89174278e+01 -4.32307948e+02
 -1.61485622e+03 -3.47901554e+03 -5.17188378e+03 -6.47294857e+03
 -6.93266435e+03 -6.66292681e+03 -5.98496700e+03 -5.37384609e+03
 -4.72276522e+03 -3.97713205e+03 -3.18544699e+03 -2.91364878e+03
 -3.40273512e+03 -4.21969290e+03 -4.99705114e+03 -5.06269124e+03
 -4.37150547e+03 -3.45461646e+03 -2.36805044e+03 -1.35633881e+03
 -6.40906749e+02 -2.23830595e+02 -3.14743410e+01 -1.60623349e+00
  0.00000000e+00 -3.24380811e+00 -7.23980361e+01 -4.91421258e+02
 -1.67836904e+03 -3.51509311e+03 -5.55982050e+03 -7.47932828e+03
 -8.81471946e+03 -9.03316722e+03 -7.98518606e+03 -6.26739770e+03
 -4.70554327e+03 -3.83483543e+03 -3.66509181e+03 -4.01543093e+03
 -4.66865866e+03 -5.34062448e+03 -5.71554680e+03 -5.31125391e+03
 -4.33636029e+03 -3.14658006e+03 -1.96452933e+03 -1.08200589e+03
 -5.26950360e+02 -1.58374622e+02 -2.29299624e+01 -3.91764265e-03
 -1.25364565e-01 -2.98524370e+00 -6.47194565e+01 -4.06400578e+02
 -1.34692080e+03 -3.03712504e+03 -5.27269256e+03 -7.66991768e+03
 -9.83677758e+03 -1.09558992e+04 -1.05191212e+04 -8.80095678e+03
 -7.06741167e+03 -6.22181984e+03 -6.17954064e+03 -6.32737680e+03
 -6.36898217e+03 -6.11528347e+03 -5.58524209e+03 -4.55575220e+03
 -3.32365750e+03 -2.13638848e+03 -1.25462898e+03 -7.02727150e+02
 -3.37720384e+02 -9.00235104e+01 -1.06912468e+01 -1.52788063e-01
 -1.21446922e-01 -2.31140916e-01 -4.37874919e+01 -2.44382548e+02
 -8.00476252e+02 -2.00530807e+03 -3.95568296e+03 -6.34130011e+03
 -8.84981762e+03 -1.08049603e+04 -1.16912721e+04 -1.14233993e+04
 -1.06410579e+04 -9.94877907e+03 -9.28086409e+03 -8.14062636e+03
 -6.79443424e+03 -5.36285710e+03 -3.99335109e+03 -2.74934285e+03
 -1.77975763e+03 -1.09377840e+03 -6.53956417e+02 -3.63271250e+02
 -1.54566673e+02 -3.24968458e+01 -2.02933889e+00 -2.82070271e-01
  0.00000000e+00  0.00000000e+00 -1.46363129e+01 -9.12262267e+01
 -3.22390649e+02 -8.62265311e+02 -1.88436653e+03 -3.42403534e+03
 -5.31355749e+03 -7.14515728e+03 -8.51747224e+03 -9.24993038e+03
 -9.32458106e+03 -8.83795108e+03 -7.68114956e+03 -5.99085130e+03
 -4.29420646e+03 -2.79343591e+03 -1.72184312e+03 -1.00948249e+03
 -5.77746514e+02 -3.82330581e+02 -2.42180833e+02 -1.26418411e+02
 -4.12919535e+01 -6.52679265e+00 -1.30457500e+00  0.00000000e+00
  0.00000000e+00  0.00000000e+00 -2.90297320e+00 -2.03560712e+01
 -7.04783912e+01 -1.79283080e+02 -3.79357090e+02 -6.66488955e+02
 -1.07860146e+03 -1.58684507e+03 -2.07625266e+03 -2.42409232e+03
 -2.59687603e+03 -2.54647164e+03 -2.13972631e+03 -1.55207599e+03
 -1.13086281e+03 -7.73048835e+02 -5.01093918e+02 -3.07448760e+02
 -1.95427686e+02 -1.22720156e+02 -7.73734423e+01 -4.15191768e+01
 -1.08714583e+01 -3.75701930e+00 -4.54446547e-01  0.00000000e+00
  0.00000000e+00  0.00000000e+00 -3.68258409e-01  2.65224407e+00
  6.64823957e+00  2.51904422e+01  9.95708055e+01  2.55567418e+02
  4.57588497e+02  6.56103285e+02  7.75622727e+02  8.00852345e+02
  7.09097237e+02  6.02165181e+02  4.67774367e+02  2.57110969e+02
 -5.90036159e+01 -2.64636761e+02 -3.18418159e+02 -2.67167558e+02
 -1.93891970e+02 -9.97706053e+01 -3.53410543e+01 -1.42249605e+01
 -6.65999250e-01 -8.38375527e-01 -4.07434835e-01  0.00000000e+00
  0.00000000e+00  0.00000000e+00  0.00000000e+00 -1.48870421e-01
  7.48269746e-01  1.97410013e+01  8.48522221e+01  2.09041494e+02
  3.80806618e+02  5.26828913e+02  6.80239881e+02  7.59427192e+02
  7.44700773e+02  6.89418918e+02  5.75458611e+02  4.23928111e+02
  2.19278294e+02  7.89679228e+01 -5.34366457e+00 -4.62046774e+01
 -5.79693583e+01 -1.94941898e+01 -1.59056291e+00 -5.01458259e-01
 -9.79410662e-02  2.31140916e-01  0.00000000e+00  0.00000000e+00
  0.00000000e+00  0.00000000e+00  0.00000000e+00  0.00000000e+00
  5.95481682e-01  3.66299588e+00  9.46502464e+00  1.91416020e+01
  2.83206387e+01  4.32272690e+01  7.20336954e+01  9.36238240e+01
  1.12761508e+02  1.31166593e+02  1.43471909e+02  1.29305713e+02
  1.04013412e+02  7.40238578e+01  3.95603555e+01  1.21368569e+01
  1.94315075e+00  6.30740466e-01  1.95490368e+00  4.70117118e-01
  0.00000000e+00  0.00000000e+00  0.00000000e+00  0.00000000e+00]
[ 0.00000000e+00  0.00000000e+00  0.00000000e+00  0.00000000e+00
  0.00000000e+00  0.00000000e+00  0.00000000e+00  0.00000000e+00
  0.00000000e+00  0.00000000e+00  0.00000000e+00  0.00000000e+00
 -4.93624072e-01 -1.84129614e+00 -8.46212694e-01 -3.52588623e-02
  0.00000000e+00  0.00000000e+00  0.00000000e+00  0.00000000e+00
  0.00000000e+00  0.00000000e+00  0.00000000e+00  0.00000000e+00
  0.00000000e+00  0.00000000e+00  0.00000000e+00  0.00000000e+00
  0.00000000e+00  0.00000000e+00  0.00000000e+00  0.00000000e+00
 -6.26824218e-02 -2.15470825e-01 -2.18213181e+00 -5.70801803e+00
 -1.02759995e+01 -1.50672871e+01 -2.82384310e+01 -3.67789110e+01
 -3.89610428e+01 -4.06495505e+01 -4.05437739e+01 -3.62500280e+01
 -4.14565867e+01 -3.52000975e+01 -2.35333317e+01 -1.67440419e+01
 -1.26500962e+01 -5.02242905e+00 -2.37017907e+00 -8.30542089e-01
  0.00000000e+00  0.00000000e+00  0.00000000e+00  0.00000000e+00
  0.00000000e+00  0.00000000e+00 -2.50729687e-01  6.26824218e-02
 -1.55530759e+00 -1.28890730e+00 -1.04052820e+01 -3.09651164e+01
 -6.17539384e+01 -1.19084848e+02 -2.03075376e+02 -3.01192954e+02
 -4.33844629e+02 -5.77826152e+02 -7.28843777e+02 -8.22405127e+02
 -8.49734663e+02 -7.81998471e+02 -6.45660286e+02 -4.65687300e+02
 -2.75023043e+02 -1.44471229e+02 -6.61534609e+01 -2.16136826e+01
 -8.27799733e+00 -2.02934341e+00  0.00000000e+00  0.00000000e+00
  0.00000000e+00  0.00000000e+00 -4.30941650e-01 -6.07235961e-01
 -1.39860154e+00 -1.33670264e+01 -4.70157340e+01 -1.23217971e+02
 -2.60982181e+02 -4.95684756e+02 -7.95573133e+02 -1.16807126e+03
 -1.55887657e+03 -1.97975377e+03 -2.38512491e+03 -2.61742205e+03
 -2.59090347e+03 -2.33223662e+03 -1.85390314e+03 -1.26082166e+03
 -6.92699525e+02 -3.15982088e+02 -1.18618648e+02 -3.12315167e+01
 -1.37156974e+01 -2.17037885e+00 -2.89906201e-01  0.00000000e+00
  0.00000000e+00 -1.48870752e-01  1.52788403e-01 -1.78253137e+00
 -1.31358850e+01 -7.59515069e+01 -1.98013770e+02 -4.60445482e+02
 -8.80190484e+02 -1.46059837e+03 -2.12335137e+03 -2.71266799e+03
 -3.06812042e+03 -3.14875743e+03 -2.91871295e+03 -2.50732038e+03
 -1.98682905e+03 -1.23516104e+03 -5.43358656e+02  9.85289317e+01
  4.81906376e+02  5.52388842e+02  4.69264115e+02  3.15523723e+02
  1.39272506e+02  3.43852260e+01  6.34267755e+00 -1.56706054e-02
  0.00000000e+00  0.00000000e+00 -1.67283713e+00 -8.81863321e+00
 -6.54639542e+01 -2.42925726e+02 -5.62743194e+02 -1.09752611e+03
 -1.83108282e+03 -2.56288443e+03 -3.13666756e+03 -3.23975664e+03
 -2.80405504e+03 -1.78343635e+03 -5.08652182e+02  7.21541275e+02
  1.94176039e+03  3.03913763e+03  3.73807798e+03  3.85239896e+03
  3.43397812e+03  2.75294928e+03  2.01330062e+03  1.30259165e+03
  6.30965175e+02  1.79248220e+02  3.12393520e+01  3.76094531e-01
  0.00000000e+00 -4.30941650e-02 -5.37501767e+00 -4.17229870e+01
 -1.80239386e+02 -5.01561233e+02 -1.04435966e+03 -1.76578733e+03
 -2.44750176e+03 -2.71480311e+03 -2.36245347e+03 -1.29557906e+03
  3.86922919e+02  2.47822790e+03  4.33575487e+03  5.72387277e+03
  6.70842165e+03  7.51749501e+03  7.83540066e+03  7.25598395e+03
  6.10737950e+03  4.73164921e+03  3.49632363e+03  2.32349634e+03
  1.20642507e+03  4.20195532e+02  8.45037399e+01  5.87647704e+00
 -1.84129614e-01 -4.63849921e+00 -2.41248971e+01 -1.21153368e+02
 -4.06652211e+02 -8.91516414e+02 -1.60410194e+03 -2.16214395e+03
 -2.26189127e+03 -1.57915433e+03 -7.05294775e+01  1.94680241e+03
  4.11593545e+03  6.02017258e+03  7.24808204e+03  7.93131652e+03
  8.19485301e+03  8.38606182e+03  8.42225308e+03  7.78210102e+03
  6.68621640e+03  5.46497870e+03  4.18049834e+03  2.87119575e+03
  1.54549779e+03  5.85015042e+02  1.15084926e+02  6.68743087e+00
 -5.40635888e-01 -1.19449190e+01 -7.54931417e+01 -2.71121062e+02
 -6.52046057e+02 -1.20897154e+03 -1.77238857e+03 -1.87532486e+03
 -1.08689361e+03  6.54286954e+02  2.91617823e+03  4.92104415e+03
  6.10336782e+03  6.45974873e+03  6.29241017e+03  6.09733464e+03
  5.83859727e+03  5.80128948e+03  6.21638031e+03  6.43686573e+03
  6.20163427e+03  5.47605390e+03  4.30518935e+03  2.90434300e+03
  1.54479261e+03  5.91592779e+02  1.08985143e+02  6.38968937e+00
 -1.14395420e+00 -1.80447022e+01 -1.18606895e+02 -3.57442593e+02
 -7.28984812e+02 -1.15919386e+03 -1.30489523e+03 -6.33370613e+02
  1.19537729e+03  3.85669271e+03  6.14805647e+03  7.06340787e+03
  6.37346638e+03  5.11460746e+03  4.21887174e+03  3.68688211e+03
  3.12940032e+03  3.15884930e+03  4.00641751e+03  4.94381354e+03
  5.41241165e+03  5.11267606e+03  4.09080763e+03  2.64051661e+03
  1.25860035e+03  4.21022156e+02  7.69505080e+01  5.03418200e+00
 -1.56706054e+00 -2.21268949e+01 -1.19417849e+02 -3.34782897e+02
 -5.64122208e+02 -6.44093225e+02 -1.71252294e+02  1.43030317e+03
  4.16560343e+03  7.18396184e+03  8.84814880e+03  8.21099374e+03
  5.86495131e+03  3.87290003e+03  3.33874002e+03  3.04503761e+03
  2.21053086e+03  2.14050284e+03  2.95533123e+03  3.98515249e+03
  4.60202588e+03  4.51074852e+03  3.66013238e+03  2.27327205e+03
  9.19637316e+02  2.37691743e+02  4.42772957e+01  3.97249848e+00
 -1.39468388e+00 -1.71123011e+01 -9.23351249e+01 -2.21645043e+02
 -2.85107078e+02  8.36810331e+01  1.23421688e+03  3.63650111e+03
  6.85334733e+03  9.57192705e+03  1.00673102e+04  7.90666274e+03
  4.77882948e+03  3.36544273e+03  3.81987462e+03  3.76540751e+03
  2.81198045e+03  2.39084468e+03  2.55846923e+03  3.06549951e+03
  3.56505099e+03  3.73115157e+03  3.17531128e+03  2.00231553e+03
  7.03731632e+02  9.67973298e+01  2.49397686e+01  7.52189061e-01
 -8.93224510e-01 -9.13988063e+00 -4.82576295e+01 -9.23116190e+01
  9.95866976e+00  7.50759119e+02  2.53058731e+03  5.36658688e+03
  8.51098005e+03  1.03720760e+04  9.49349959e+03  6.44206053e+03
  3.91021958e+03  4.15575446e+03  5.47479241e+03  5.26553107e+03
  3.68654911e+03  2.27931307e+03  1.67867835e+03  1.68830010e+03
  2.28922473e+03  2.88590262e+03  2.70346151e+03  1.80754949e+03
  5.82401969e+02  1.40447801e+01  6.48371300e+00  7.83530272e-03
  1.25364844e-01 -1.81387258e+00 -2.26636131e+01 -2.57546400e+01
  2.19490335e+02  1.36444745e+03  3.53746680e+03  6.46137847e+03
  9.02174777e+03  9.82913262e+03  8.01146775e+03  5.35034430e+03
  4.45141569e+03  6.59088036e+03  7.91856848e+03  6.86929609e+03
  3.63334348e+03  1.23545878e+03  2.82760405e+02  3.61364162e+02
  1.35722330e+03  2.27995556e+03  2.31118708e+03  1.57294094e+03
  4.78388325e+02 -2.65303350e+01 -6.81279572e+00 -2.15470825e+00
  4.42694604e-01 -9.91165794e-01 -8.87739798e+00  9.22606896e+00
  3.86644766e+02  1.85769543e+03  4.16125092e+03  6.69300569e+03
  8.44375707e+03  8.34465616e+03  6.65494179e+03  5.32563959e+03
  6.41844101e+03  9.46424257e+03  9.88861040e+03  7.31028259e+03
  2.71979812e+03  2.98850199e+02 -5.60478792e+02 -2.67132893e+02
  9.16471854e+02  1.86260816e+03  1.91457973e+03  1.30809204e+03
  3.78840804e+02 -7.47879645e+01 -1.82445024e+01 -5.21047631e-01
  1.17529541e-01 -8.61883299e-01 -6.11937143e+00  1.54316287e+01
  4.66984042e+02  2.10581204e+03  4.12764923e+03  5.92011184e+03
  6.81467619e+03  6.26401503e+03  5.31897175e+03  5.53998213e+03
  7.83271316e+03  1.02969981e+04  9.72110338e+03  6.38241429e+03
  2.39964765e+03  6.17272984e+02 -2.11866586e+02 -1.89888561e+02
  5.80736967e+02  1.27026711e+03  1.37720724e+03  9.14936134e+02
  1.88599654e+02 -1.36114879e+02 -2.92060909e+01 -2.49946157e+00
 -1.56706054e-01 -6.26824218e-01 -1.51378049e+01 -3.93175491e+01
  3.86264754e+02  1.97905643e+03  3.48558535e+03  4.35428144e+03
  4.31695798e+03  3.55833221e+03  3.43830713e+03  4.66682775e+03
  6.93973154e+03  8.38321761e+03  7.59578927e+03  5.04441882e+03
  2.78973211e+03  1.55937411e+03  3.26959347e+02 -2.48351673e+02
  5.90703472e+01  5.11300514e+02  6.32974930e+02  3.65371919e+02
 -7.60376953e+01 -2.16050637e+02 -3.79698770e+01 -2.71101474e+00
  0.00000000e+00 -7.16930199e-01 -2.28320721e+01 -1.51797237e+02
  1.87044347e+02  1.54882780e+03  2.58807101e+03  2.77175009e+03
  2.02035631e+03  1.19902854e+03  1.25931728e+03  2.56013815e+03
  4.25613252e+03  5.13541019e+03  4.85669672e+03  3.82371000e+03
  2.92030351e+03  1.72201541e+03  1.20393344e+02 -7.98985407e+02
 -6.34765297e+02 -3.14830299e+02 -1.32694769e+02 -2.06679615e+02
 -3.50210608e+02 -2.80582190e+02 -4.34154124e+01 -1.12436594e+00
 -2.35059082e-02 -1.06168352e+00 -3.84008186e+01 -2.90920872e+02
 -1.31198226e+02  9.30967164e+02  1.81238387e+03  1.87610839e+03
  1.09312267e+03  8.69483543e+01 -3.01643484e+02  4.10808839e+02
  1.44891201e+03  2.35649080e+03  2.85209720e+03  2.78875270e+03
  2.22054046e+03  9.40138385e+02 -5.66120210e+02 -1.28896214e+03
 -1.16679019e+03 -9.78786016e+02 -7.37352916e+02 -6.62514022e+02
 -5.33399986e+02 -2.70361038e+02 -3.12001754e+01 -9.44153978e-01
  5.87647704e-02 -1.81387258e+00 -6.06413254e+01 -4.09194767e+02
 -4.76570535e+02  3.25964264e+02  1.28509151e+03  1.72467549e+03
  1.30603135e+03  3.72893810e+02 -5.34743740e+02 -7.61701119e+02
 -2.81679133e+02  7.51668014e+02  1.65160738e+03  1.98481146e+03
  1.53914728e+03  4.72633296e+02 -5.60611992e+02 -1.15862972e+03
 -1.27132880e+03 -1.19995311e+03 -1.02937857e+03 -8.16834226e+02
 -5.59170296e+02 -2.26009307e+02 -3.14509051e+01 -3.44753320e-01
  0.00000000e+00 -2.56214399e+00 -7.11445487e+01 -4.68911527e+02
 -7.72870343e+02 -2.53428949e+02  8.35004293e+02  1.80904603e+03
  2.13078707e+03  1.77203206e+03  9.11335813e+02  3.28847655e+01
 -1.71279718e+01  7.93712248e+02  1.69214723e+03  2.21199606e+03
  1.92096942e+03  1.23493773e+03  3.19182809e+02 -3.51769833e+02
 -7.95408591e+02 -9.84944564e+02 -8.95704384e+02 -7.17651047e+02
 -4.59513081e+02 -1.51064636e+02 -2.22875186e+01  3.95682787e-01
  1.25364844e-01 -2.90689731e+00 -6.37793642e+01 -3.85449882e+02
 -7.64956687e+02 -5.85614443e+02  2.88339140e+02  1.60675027e+03
  2.78270776e+03  3.52466392e+03  3.56995197e+03  3.07795372e+03
  2.84149604e+03  3.30142831e+03  3.93689486e+03  4.25641067e+03
  3.87345242e+03  2.98529735e+03  1.83323361e+03  7.18626542e+02
 -9.20413011e+01 -5.29153252e+02 -5.77097469e+02 -4.77314889e+02
 -2.86055149e+02 -8.37241272e+01 -7.48663175e+00  1.52788403e-01
  1.21447192e-01 -1.52788403e-01 -4.31999416e+01 -2.31415666e+02
 -5.46449682e+02 -5.60294662e+02 -3.62774516e+01  1.09797664e+03
  2.74039321e+03  4.45400917e+03  5.86610310e+03  6.72290129e+03
  7.27494146e+03  7.66680062e+03  7.74233686e+03  7.17352522e+03
  5.99904076e+03  4.45243820e+03  2.77205567e+03  1.37618082e+03
  4.16904705e+02 -8.43979633e+01 -2.34659481e+02 -2.09754972e+02
 -1.15797939e+02 -2.44735681e+01  3.05576806e-01  2.82070898e-01
  0.00000000e+00  0.00000000e+00 -1.46363455e+01 -8.94086394e+01
 -2.61370028e+02 -3.34794650e+02 -9.40118797e+01  6.55446579e+02
  2.00276998e+03  3.71016863e+03  5.45145105e+03  6.97110801e+03
  7.96863215e+03  8.26694171e+03  7.95117118e+03  6.95090860e+03
  5.53191177e+03  3.97611839e+03  2.50996087e+03  1.43860076e+03
  7.19057484e+02  2.48347755e+02  4.66278865e+01 -4.60324035e+00
 -8.02334999e+00 -1.22230722e+00  9.67659886e-01  0.00000000e+00
  0.00000000e+00  0.00000000e+00 -3.72568644e+00 -2.59740285e+01
 -9.38042442e+01 -1.63307297e+02 -1.62398402e+02 -2.34314728e+01
  3.62707916e+02  1.02381158e+03  1.81896161e+03  2.61371987e+03
  3.24236971e+03  3.51494422e+03  3.48835904e+03  3.09807086e+03
  2.61565519e+03  2.11112438e+03  1.58129337e+03  1.05876095e+03
  6.24371768e+02  3.01004907e+02  1.29321671e+02  5.75581338e+01
  5.93524181e+00 -8.18789135e-01 -3.13412109e-01  0.00000000e+00
  0.00000000e+00  0.00000000e+00 -8.61883299e-02 -2.18996711e+00
 -1.79310903e+01 -5.53094019e+01 -1.43903170e+02 -2.84088488e+02
 -4.31780027e+02 -5.05502390e+02 -4.95324332e+02 -4.41433120e+02
 -2.91304802e+02 -9.88345085e+01  7.57438714e+01  2.55466128e+02
  5.09384783e+02  6.18816538e+02  5.71162227e+02  4.10985134e+02
  2.56535646e+02  1.30453873e+02  6.19576563e+01  3.09847046e+01
  5.22614692e+00  1.56706054e-01 -4.07435742e-01  0.00000000e+00
  0.00000000e+00  0.00000000e+00  0.00000000e+00  1.48870752e-01
 -3.40835668e-01 -1.87459618e+01 -8.37946450e+01 -2.11235844e+02
 -3.75534307e+02 -5.12044868e+02 -6.51916775e+02 -7.26763504e+02
 -7.07116482e+02 -6.61056655e+02 -5.49062756e+02 -3.95870835e+02
 -2.04305518e+02 -6.44571178e+01  1.50359459e+01  4.92135364e+01
  5.93093240e+01  2.11788233e+01  3.14979169e+00  1.41818979e+00
  1.21447192e-01 -2.31141430e-01  0.00000000e+00  0.00000000e+00
  0.00000000e+00  0.00000000e+00  0.00000000e+00  0.00000000e+00
 -5.95483007e-01 -3.66300402e+00 -9.46504569e+00 -1.91416446e+01
 -2.83207017e+01 -4.32273651e+01 -7.11406311e+01 -9.16260300e+01
 -1.10763757e+02 -1.30493049e+02 -1.43472228e+02 -1.29306001e+02
 -1.04013644e+02 -7.40240225e+01 -3.95604434e+01 -1.21368839e+01
 -1.94315508e+00 -6.30741869e-01 -1.95490803e+00 -4.70118163e-01
  0.00000000e+00  0.00000000e+00  0.00000000e+00  0.00000000e+00]
[ 0.00000000e+00  0.00000000e+00  0.00000000e+00  0.00000000e+00
  0.00000000e+00  0.00000000e+00  0.00000000e+00  0.00000000e+00
  0.00000000e+00  0.00000000e+00  0.00000000e+00  0.00000000e+00
 -1.10378757e-08 -4.11730283e-08 -1.89220726e-08 -7.88419690e-10
  0.00000000e+00  0.00000000e+00  0.00000000e+00  0.00000000e+00
  0.00000000e+00  0.00000000e+00  0.00000000e+00  0.00000000e+00
  0.00000000e+00  0.00000000e+00  0.00000000e+00  0.00000000e+00
  0.00000000e+00  0.00000000e+00  0.00000000e+00  0.00000000e+00
 -1.40163501e-09 -4.81812033e-09 -4.87944186e-08 -1.27636388e-07
 -2.29780539e-07 -3.36918014e-07 -6.31436570e-07 -8.44835499e-07
 -9.15530465e-07 -9.32612891e-07 -9.40409486e-07 -8.26351438e-07
 -9.70106628e-07 -8.07604569e-07 -5.26226342e-07 -3.74411751e-07
 -2.82867464e-07 -1.12306005e-07 -5.29993236e-08 -1.85716638e-08
  0.00000000e+00  0.00000000e+00  0.00000000e+00  0.00000000e+00
  0.00000000e+00  0.00000000e+00 -5.60654002e-09 -3.67929189e-09
 -3.65301123e-08 -2.88211198e-08 -2.47563783e-07 -7.27448568e-07
 -1.38858228e-06 -2.66284370e-06 -4.52097371e-06 -6.69727486e-06
 -9.71254217e-06 -1.30408997e-05 -1.63904569e-05 -1.84392969e-05
 -1.90540891e-05 -1.74905652e-05 -1.44506817e-05 -1.04902744e-05
 -6.20302332e-06 -3.26169226e-06 -1.51201376e-06 -4.83301270e-07
 -1.85103423e-07 -4.53779333e-08  0.00000000e+00  0.00000000e+00
  0.00000000e+00  0.00000000e+00 -9.63624066e-09 -2.82955067e-08
 -4.86192142e-08 -2.33372228e-07 -9.02915750e-07 -2.46898006e-06
 -5.21854993e-06 -9.92164859e-06 -1.60937483e-05 -2.36462834e-05
 -3.18590761e-05 -4.17100297e-05 -5.13901590e-05 -5.82106026e-05
 -5.88484341e-05 -5.31108412e-05 -4.28474565e-05 -3.04439503e-05
 -1.79804367e-05 -9.22748885e-06 -3.97451126e-06 -1.44946580e-06
 -5.45849232e-07 -8.69013703e-08 -6.48256190e-09  0.00000000e+00
  0.00000000e+00  3.32888314e-09  6.74536846e-09 -7.62139034e-09
  3.41648532e-09 -4.50362848e-07 -1.34416797e-06 -3.67202091e-06
 -8.31703931e-06 -1.56270915e-05 -2.39760180e-05 -3.62191246e-05
 -5.18882651e-05 -6.89108594e-05 -8.42894235e-05 -9.62409900e-05
 -1.00287160e-04 -8.88453505e-05 -6.88960546e-05 -4.65588108e-05
 -2.69212911e-05 -1.27100262e-05 -4.06369029e-06 -2.13836940e-07
  4.30827560e-07  1.62677263e-07  1.95352879e-08 -1.06874669e-08
  0.00000000e+00  0.00000000e+00 -2.16377404e-08  1.61450832e-07
  5.40855908e-07  7.57583720e-07  2.30831765e-07 -1.92540849e-06
 -7.02788552e-06 -1.60812212e-05 -2.78948143e-05 -4.56134080e-05
 -6.76736537e-05 -8.72737672e-05 -1.05875128e-04 -1.20719056e-04
 -1.29490050e-04 -1.23344318e-04 -1.00717374e-04 -7.11401599e-05
 -4.29744797e-05 -2.19504802e-05 -7.71959239e-06  4.55268570e-07
  2.75868050e-06  1.22467859e-06  3.35866788e-07  1.75204376e-10
  0.00000000e+00  9.63624066e-10  1.05648239e-07  8.08042580e-07
  2.34554858e-06  3.87990090e-06  4.71072005e-06  2.18322172e-06
 -3.49401326e-06 -1.67526044e-05 -3.44854773e-05 -5.66783527e-05
 -7.17088733e-05 -7.01847704e-05 -5.81880888e-05 -5.11475010e-05
 -5.40736769e-05 -6.68783134e-05 -7.45192391e-05 -7.15464588e-05
 -5.69134770e-05 -3.70305836e-05 -1.66452917e-05 -4.69722931e-07
  6.15002399e-06  3.79606560e-06  9.17370111e-07  6.18471446e-08
  4.11730283e-09  1.03720990e-07  4.98281244e-07  2.47677666e-06
  6.44576898e-06  1.05001734e-05  1.39312883e-05  1.17355395e-05
  3.95988170e-06 -1.13636682e-05 -2.87204649e-05 -4.06145643e-05
 -3.33166013e-05 -1.94888587e-06  4.14450331e-05  7.55414690e-05
  7.94153254e-05  4.68000672e-05 -3.55875128e-06 -3.96969314e-05
 -5.34750035e-05 -4.68022573e-05 -2.75493988e-05 -3.62261327e-06
  8.15190919e-06  6.16474116e-06  1.26392437e-06  3.88077692e-08
  1.20891019e-08  2.55185173e-07  1.61468353e-06  5.77307178e-06
  1.19224826e-05  1.80800403e-05  2.14668285e-05  1.90585568e-05
  1.02551501e-05 -4.73086855e-06 -1.64226945e-05 -1.68374033e-05
  1.33479454e-06  4.57811662e-05  1.07700145e-04  1.58520276e-04
  1.63815828e-04  1.20444774e-04  4.60007848e-05 -2.26239658e-05
 -5.93462773e-05 -6.08009993e-05 -4.20484369e-05 -1.26303082e-05
  5.51333129e-06  6.01485382e-06  1.04710895e-06  1.56807916e-08
  2.55798388e-08  4.17687231e-07  2.58662980e-06  7.71871637e-06
  1.45523878e-05  2.10359134e-05  2.30350829e-05  1.78085612e-05
  6.69193113e-06 -8.51247979e-06 -2.10012229e-05 -2.21425042e-05
 -6.39557293e-06  4.49664658e-05  1.24344998e-04  1.83277355e-04
  1.82397479e-04  1.28437948e-04  4.65626653e-05 -3.17495733e-05
 -7.67814780e-05 -8.26658045e-05 -6.05321482e-05 -2.65347903e-05
 -1.61976445e-06  3.31276433e-06  5.11771981e-07  2.79450979e-08
  3.50408751e-08  5.18079339e-07  2.63700106e-06  7.42507384e-06
  1.35745722e-05  1.71337615e-05  1.39566930e-05  4.25080856e-06
 -1.04545327e-05 -2.95909678e-05 -4.78556736e-05 -5.69299462e-05
 -3.76118241e-05  3.58087083e-05  1.33919567e-04  1.88330950e-04
  1.65360080e-04  9.62138333e-05  1.56654612e-05 -5.30667773e-05
 -9.48051901e-05 -1.00872956e-04 -7.79952939e-05 -4.03991505e-05
 -9.70702323e-06  5.77123213e-07  1.74153149e-07 -2.34773863e-08
  3.11863789e-08  3.93509028e-07  2.10692022e-06  5.41206316e-06
  9.87793510e-06  8.88724195e-06 -4.53779333e-07 -1.50774754e-05
 -3.33262375e-05 -5.56400040e-05 -7.50837476e-05 -7.89978133e-05
 -3.95210262e-05  5.87884266e-05  1.62532194e-04  1.88403660e-04
  1.30762209e-04  5.06963497e-05 -1.62919045e-05 -7.10996877e-05
 -1.04517207e-04 -1.11362967e-04 -8.84431688e-05 -5.12722465e-05
 -1.57581444e-05 -9.56090278e-07 -1.25971946e-07 -4.20490502e-09
  1.99732988e-08  2.04375904e-07  1.15669929e-06  3.30934785e-06
  5.95221825e-06 -3.68191995e-07 -1.76540309e-05 -3.69250230e-05
 -5.54476296e-05 -7.23925208e-05 -7.93329793e-05 -6.40394769e-05
 -7.67071037e-06  9.97756506e-05  1.85448926e-04  1.72342675e-04
  9.27591534e-05  1.93569298e-05 -3.06720664e-05 -7.55715166e-05
 -1.10339160e-04 -1.18320508e-04 -9.59243957e-05 -5.90053296e-05
 -2.11144925e-05 -1.86110848e-06 -2.58689261e-07 -2.24261601e-08
  2.80327001e-09  4.05598130e-08  5.53032612e-07  1.90639881e-06
  2.52557107e-06 -1.17451757e-05 -3.86052329e-05 -6.55768077e-05
 -8.23744397e-05 -8.65188116e-05 -7.47156432e-05 -4.37567672e-05
  1.68844457e-05  1.13571594e-04  1.61187325e-04  1.27408972e-04
  5.44469498e-05  1.04692499e-05 -2.09821256e-05 -6.92786134e-05
 -1.12792898e-04 -1.24204835e-04 -1.02394168e-04 -6.49303036e-05
 -2.52342482e-05 -2.74895665e-06 -3.91669382e-07 -5.71166265e-08
  9.89904722e-09  2.21633535e-08  2.35124272e-07  9.19560165e-07
 -2.24200279e-06 -2.73332842e-05 -6.65520829e-05 -1.03870177e-04
 -1.22055340e-04 -1.18317004e-04 -9.47357216e-05 -5.93438245e-05
 -7.73465997e-06  6.43612398e-05  8.43040530e-05  6.00406123e-05
  1.97260854e-05  1.59762738e-05 -7.42927874e-06 -6.63864272e-05
 -1.15697085e-04 -1.26625984e-04 -1.04503979e-04 -6.71722188e-05
 -2.76645081e-05 -3.89742134e-06 -4.70686555e-07 -1.16510910e-08
  3.85449626e-09  1.92724813e-08  1.45419632e-07  1.53741840e-07
 -7.78205275e-06 -4.51826680e-05 -9.61123023e-05 -1.43786727e-04
 -1.70659049e-04 -1.69179710e-04 -1.46929017e-04 -1.18190419e-04
 -7.75026192e-05 -2.55283288e-05 -4.32632165e-06  6.18208639e-07
  9.47680468e-07  1.77012485e-05 -9.53216926e-06 -6.92292058e-05
 -1.14760443e-04 -1.23070036e-04 -1.00290226e-04 -6.42912456e-05
 -2.72356078e-05 -5.25227677e-06 -7.22630447e-07 -5.69414221e-08
  3.50408751e-09  2.08493207e-08  2.74019643e-07  1.39112274e-07
 -1.24682442e-05 -5.92013833e-05 -1.17693101e-04 -1.72686689e-04
 -2.09402430e-04 -2.17172306e-04 -2.02728370e-04 -1.76546354e-04
 -1.34033713e-04 -7.93134440e-05 -3.63607773e-05 -1.73586363e-05
 -5.14899379e-06  1.99347539e-06 -3.20795708e-05 -8.20631891e-05
 -1.15254344e-04 -1.14318402e-04 -9.00163289e-05 -5.63878639e-05
 -2.51892207e-05 -6.52653820e-06 -9.65551314e-07 -6.46504146e-08
  0.00000000e+00  3.82821561e-08  3.55489678e-07  1.31841293e-07
 -1.62931309e-05 -6.47401192e-05 -1.22380782e-04 -1.80452360e-04
 -2.22700530e-04 -2.41138688e-04 -2.30912096e-04 -1.97304130e-04
 -1.39636223e-04 -6.88389380e-05 -2.04857716e-05 -8.74488840e-06
 -1.53535098e-05 -3.44221409e-05 -7.12257472e-05 -1.03974949e-04
 -1.17083215e-04 -1.02904713e-04 -7.65460033e-05 -4.66947694e-05
 -2.22789008e-05 -7.07720555e-06 -1.02406958e-06 -4.52903311e-08
  9.98664941e-09  2.79450979e-08  7.09752926e-07  4.97317620e-07
 -1.66092872e-05 -6.03412630e-05 -1.11038576e-04 -1.68505261e-04
 -2.15995721e-04 -2.42705891e-04 -2.37028744e-04 -1.92766775e-04
 -1.20552524e-04 -4.39647348e-05 -6.63796818e-06 -1.61719771e-05
 -5.08923158e-05 -8.59169845e-05 -1.12650544e-04 -1.21211643e-04
 -1.11727217e-04 -8.95078858e-05 -6.36234542e-05 -3.96895728e-05
 -1.96937602e-05 -6.43569473e-06 -7.03270364e-07 -2.18129448e-08
  1.31403282e-09  5.49265718e-08  1.16186782e-06  1.15994057e-06
 -1.36583199e-05 -4.76170452e-05 -9.02570597e-05 -1.43544419e-04
 -1.94895683e-04 -2.29550758e-04 -2.27908129e-04 -1.83342794e-04
 -1.12398688e-04 -4.48396178e-05 -2.08891797e-05 -4.61398095e-05
 -9.13043439e-05 -1.21120712e-04 -1.27757191e-04 -1.15086148e-04
 -9.51900265e-05 -7.30001295e-05 -5.07982311e-05 -3.18483886e-05
 -1.56390054e-05 -5.16765306e-06 -7.05723225e-07 -7.70899253e-09
  0.00000000e+00  5.50141739e-08  1.22502899e-06  2.15045851e-06
 -8.30687746e-06 -3.09770972e-05 -6.48017036e-05 -1.08092340e-04
 -1.52541339e-04 -1.86182156e-04 -1.89854528e-04 -1.57649423e-04
 -1.03594493e-04 -5.09933211e-05 -3.69561218e-05 -6.20907663e-05
 -9.40718722e-05 -1.06887459e-04 -1.01566415e-04 -8.58782644e-05
 -6.81152563e-05 -5.19514263e-05 -3.60518920e-05 -2.30358713e-05
 -1.17454385e-05 -3.42296789e-06 -5.09932335e-07  8.84782097e-09
  2.80327001e-09  3.43400576e-08  9.59944774e-07  2.33547433e-06
 -2.26039925e-06 -1.55231953e-05 -3.59738384e-05 -6.32779511e-05
 -8.99220690e-05 -1.09200157e-04 -1.09607507e-04 -8.85716812e-05
 -5.50704146e-05 -2.30073130e-05 -1.34676099e-05 -2.82051012e-05
 -4.46504847e-05 -5.26708154e-05 -5.36439005e-05 -4.82110756e-05
 -4.00832571e-05 -3.11647411e-05 -2.31875107e-05 -1.50694159e-05
 -7.36094904e-06 -1.91962674e-06 -2.38540757e-07 -3.41648532e-09
  2.71566782e-09  5.16852908e-09  6.99678674e-07  2.08318003e-06
  2.93695095e-06 -1.65533094e-06 -1.02748606e-05 -1.95338862e-05
 -2.32637246e-05 -1.85318924e-05 -6.99713715e-06  1.37372495e-05
  3.62903451e-05  5.37417522e-05  5.62414806e-05  4.03756732e-05
  1.97435183e-05 -1.49186526e-07 -1.36768916e-05 -1.92857092e-05
 -1.90565419e-05 -1.67811627e-05 -1.27170344e-05 -7.73974090e-06
 -3.37163300e-06 -6.60783303e-07 -3.04855614e-08 -6.30735752e-09
  0.00000000e+00  0.00000000e+00  3.16944716e-07  1.43615027e-06
  4.36188814e-06  7.10909275e-06  9.91507842e-06  1.48406866e-05
  2.58959951e-05  4.20403775e-05  6.17141645e-05  7.83485935e-05
  8.94911538e-05  9.54303193e-05  8.94796779e-05  6.81720226e-05
  4.28334401e-05  2.05661904e-05  5.37667188e-06 -2.05444651e-06
 -5.72734344e-06 -6.10727413e-06 -4.24222355e-06 -2.30384994e-06
 -6.59469270e-07 -8.98798447e-08  2.46162148e-08  0.00000000e+00
  0.00000000e+00  0.00000000e+00  8.33096806e-08  6.28458095e-07
  2.43428959e-06  5.96404455e-06  1.18651031e-05  2.18733027e-05
  3.56096761e-05  5.32658971e-05  7.17772906e-05  8.45078157e-05
  8.90293151e-05  8.63115448e-05  7.33367847e-05  5.58187124e-05
  3.97094585e-05  2.68883527e-05  1.51633255e-05  7.72493613e-06
  3.50321149e-06  1.40470108e-06  3.26931365e-07  2.15501382e-07
  1.46295654e-08 -4.77431924e-08 -7.00817503e-09  0.00000000e+00
  0.00000000e+00  0.00000000e+00  8.23460565e-09  9.34715344e-08
  6.59907281e-07  2.38523237e-06  6.51427389e-06  1.45346922e-05
  2.74489191e-05  4.27514445e-05  5.91442667e-05  7.13041512e-05
  7.66437673e-05  7.24151221e-05  6.09310009e-05  4.91331763e-05
  3.92989547e-05  2.96475588e-05  1.97245086e-05  1.20323357e-05
  6.67143222e-06  3.45581871e-06  1.43220817e-06  4.71212168e-07
  1.45945245e-07  3.50408751e-09 -9.11062753e-09  0.00000000e+00
  0.00000000e+00  0.00000000e+00  0.00000000e+00  3.32888314e-09
  1.74415956e-07  8.12860701e-07  2.78390993e-06  6.25488381e-06
  1.19987841e-05  1.81690442e-05  2.50213749e-05  3.09062271e-05
  3.33064394e-05  3.23940626e-05  2.87919483e-05  2.30427043e-05
  1.83659739e-05  1.33555667e-05  8.72062259e-06  5.21758631e-06
  2.82245489e-06  1.24938240e-06  3.80543904e-07  6.04455096e-08
  2.19005470e-09  5.16852908e-09  0.00000000e+00  0.00000000e+00
  0.00000000e+00  0.00000000e+00  0.00000000e+00  0.00000000e+00
  1.33155325e-08  8.19080456e-08  2.18830265e-07  4.68846909e-07
  6.73923631e-07  1.03405622e-06  1.76614771e-06  2.25996124e-06
  2.76463745e-06  3.10470914e-06  3.61639352e-06  3.11198012e-06
  2.53730977e-06  1.80556869e-06  1.05350391e-06  4.67094865e-07
  2.39854790e-07  1.01355731e-07  7.94551843e-08  1.05122625e-08
  0.00000000e+00  0.00000000e+00  0.00000000e+00  0.00000000e+00]